0.00 0.04 0.02 17.32 9.98
0.00 0.07 0.04 17.32 9.96
0.01 0.11 0.06 17.32 9.94
0.01 0.14 0.08 17.32 9.92
0.01 0.18 0.10 17.32 9.90
0.01 0.21 0.12 17.32 9.88
0.01 0.25 0.14 17.32 9.86
0.02 0.28 0.16 17.32 9.84
0.02 0.32 0.18 17.32 9.82
0.02 0.35 0.20 17.32 9.80
0.02 0.39 0.22 17.32 9.78
0.02 0.42 0.24 17.32 9.76
0.03 0.46 0.26 17.32 9.74
0.03 0.49 0.28 17.32 9.72
0.03 0.53 0.30 17.32 9.70
0.03 0.56 0.32 17.32 9.68
0.03 0.60 0.34 17.32 9.66
0.04 0.64 0.36 17.32 9.64
0.04 0.67 0.38 17.32 9.62
0.04 0.71 0.40 17.32 9.60
0.04 0.74 0.42 17.32 9.58
0.04 0.78 0.44 17.32 9.56
0.05 0.81 0.46 17.32 9.54
0.05 0.85 0.48 17.32 9.52
0.05 0.88 0.50 17.32 9.50
0.05 0.92 0.52 17.32 9.48
0.06 0.95 0.54 17.32 9.46
0.06 0.99 0.55 17.32 9.44
0.06 1.02 0.57 17.32 9.42
0.06 1.06 0.59 17.32 9.40
0.06 1.09 0.61 17.32 9.38
0.07 1.13 0.63 17.32 9.36
0.07 1.17 0.65 17.32 9.34
0.07 1.20 0.67 17.32 9.32
0.07 1.24 0.69 17.32 9.30
0.07 1.27 0.71 17.32 9.28
0.08 1.31 0.73 17.32 9.26
0.08 1.34 0.75 17.32 9.24
0.08 1.38 0.76 17.32 9.22
0.08 1.41 0.78 17.32 9.20
0.08 1.45 0.80 17.32 9.18
0.09 1.48 0.82 17.32 9.16
0.09 1.52 0.84 17.32 9.14
0.09 1.55 0.86 17.32 9.12
0.09 1.59 0.88 17.32 9.10
0.09 1.62 0.89 17.32 9.08
0.10 1.66 0.91 17.32 9.06
0.10 1.69 0.93 17.32 9.04
0.10 1.73 0.95 17.32 9.02
0.10 1.77 0.97 17.32 9.00
0.10 1.80 0.99 17.32 8.98
0.11 1.84 1.01 17.32 8.96
0.11 1.87 1.02 17.32 8.94
0.11 1.91 1.04 17.32 8.92
0.11 1.94 1.06 17.32 8.90
0.11 1.98 1.08 17.32 8.88
0.12 2.01 1.10 17.32 8.86
0.12 2.05 1.11 17.32 8.84
0.12 2.08 1.13 17.32 8.82
0.12 2.12 1.15 17.32 8.80
0.12 2.15 1.17 17.32 8.78
0.13 2.19 1.19 17.32 8.76
0.13 2.22 1.20 17.32 8.74
0.13 2.26 1.22 17.32 8.72
0.13 2.30 1.24 17.32 8.70
0.13 2.33 1.26 17.32 8.68
0.14 2.37 1.27 17.32 8.66
0.14 2.40 1.29 17.32 8.64
0.14 2.44 1.31 17.32 8.62
0.14 2.47 1.33 17.32 8.60
0.14 2.51 1.34 17.32 8.58
0.15 2.54 1.36 17.32 8.56
0.15 2.58 1.38 17.32 8.54
0.15 2.61 1.40 17.32 8.52
0.15 2.65 1.41 17.32 8.50
0.15 2.68 1.43 17.32 8.48
0.16 2.72 1.45 17.32 8.46
0.16 2.75 1.47 17.32 8.44
0.16 2.79 1.48 17.32 8.42
0.16 2.82 1.50 17.32 8.40
0.17 2.86 1.52 17.32 8.38
0.17 2.90 1.53 17.32 8.36
0.17 2.93 1.55 17.32 8.34
0.17 2.97 1.57 17.32 8.32
0.17 3.00 1.59 17.32 8.30
0.18 3.04 1.60 17.32 8.28
0.18 3.07 1.62 17.32 8.26
0.18 3.11 1.64 17.32 8.24
0.18 3.14 1.65 17.32 8.22
0.18 3.18 1.67 17.32 8.20
0.19 3.21 1.69 17.32 8.18
0.19 3.25 1.70 17.32 8.16
0.19 3.28 1.72 17.32 8.14
0.19 3.32 1.74 17.32 8.12
0.19 3.35 1.75 17.32 8.10
0.20 3.39 1.77 17.32 8.08
0.20 3.43 1.79 17.32 8.06
0.20 3.46 1.80 17.32 8.04
0.20 3.50 1.82 17.32 8.02
0.20 3.53 1.83 17.32 8.00
0.21 3.57 1.85 17.32 7.98
0.21 3.60 1.87 17.32 7.96
0.21 3.64 1.88 17.32 7.94
0.21 3.67 1.90 17.32 7.92
0.21 3.71 1.92 17.32 7.90
0.22 3.74 1.93 17.32 7.88
0.22 3.78 1.95 17.32 7.86
0.22 3.81 1.96 17.32 7.84
0.22 3.85 1.98 17.32 7.82
0.22 3.88 2.00 17.32 7.80
0.23 3.92 2.01 17.32 7.78
0.23 3.95 2.03 17.32 7.76
0.23 3.99 2.04 17.32 7.74
0.23 4.03 2.06 17.32 7.72
0.23 4.06 2.07 17.32 7.70
0.24 4.10 2.09 17.32 7.68
0.24 4.13 2.11 17.32 7.66
0.24 4.17 2.12 17.32 7.64
0.24 4.20 2.14 17.32 7.62
0.24 4.24 2.15 17.32 7.60
0.25 4.27 2.17 17.32 7.58
0.25 4.31 2.18 17.32 7.56
0.25 4.34 2.20 17.32 7.54
0.25 4.38 2.21 17.32 7.52
0.25 4.41 2.23 17.32 7.50
0.26 4.45 2.25 17.32 7.48
0.26 4.48 2.26 17.32 7.46
0.26 4.52 2.28 17.32 7.44
0.26 4.56 2.29 17.32 7.42
0.27 4.59 2.31 17.32 7.40
0.27 4.63 2.32 17.32 7.38
0.27 4.66 2.34 17.32 7.36
0.27 4.70 2.35 17.32 7.34
0.27 4.73 2.37 17.32 7.32
0.28 4.77 2.38 17.32 7.30
0.28 4.80 2.40 17.32 7.28
0.28 4.84 2.41 17.32 7.26
0.28 4.87 2.43 17.32 7.24
0.28 4.91 2.44 17.32 7.22
0.29 4.94 2.45 17.32 7.20
0.29 4.98 2.47 17.32 7.18
0.29 5.01 2.48 17.32 7.16
0.29 5.05 2.50 17.32 7.14
0.29 5.08 2.51 17.32 7.12
0.30 5.12 2.53 17.32 7.10
0.30 5.16 2.54 17.32 7.08
0.30 5.19 2.56 17.32 7.06
0.30 5.23 2.57 17.32 7.04
0.30 5.26 2.59 17.32 7.02
0.31 5.30 2.60 17.32 7.00
0.31 5.33 2.61 17.32 6.98
0.31 5.37 2.63 17.32 6.96
0.31 5.40 2.64 17.32 6.94
0.31 5.44 2.66 17.32 6.92
0.32 5.47 2.67 17.32 6.90
0.32 5.51 2.68 17.32 6.88
0.32 5.54 2.70 17.32 6.86
0.32 5.58 2.71 17.32 6.84
0.32 5.61 2.73 17.32 6.82
0.33 5.65 2.74 17.32 6.80
0.33 5.69 2.75 17.32 6.78
0.33 5.72 2.77 17.32 6.76
0.33 5.76 2.78 17.32 6.74
0.33 5.79 2.80 17.32 6.72
0.34 5.83 2.81 17.32 6.70
0.34 5.86 2.82 17.32 6.68
0.34 5.90 2.84 17.32 6.66
0.34 5.93 2.85 17.32 6.64
0.34 5.97 2.86 17.32 6.62
0.35 6.00 2.88 17.32 6.60
0.35 6.04 2.89 17.32 6.58
0.35 6.07 2.90 17.32 6.56
0.35 6.11 2.92 17.32 6.54
0.35 6.14 2.93 17.32 6.52
0.36 6.18 2.94 17.32 6.50
0.36 6.21 2.96 17.32 6.48
0.36 6.25 2.97 17.32 6.46
0.36 6.29 2.98 17.32 6.44
0.36 6.32 3.00 17.32 6.42
0.37 6.36 3.01 17.32 6.40
0.37 6.39 3.02 17.32 6.38
0.37 6.43 3.04 17.32 6.36
0.37 6.46 3.05 17.32 6.34
0.38 6.50 3.06 17.32 6.32
0.38 6.53 3.07 17.32 6.30
0.38 6.57 3.09 17.32 6.28
0.38 6.60 3.10 17.32 6.26
0.38 6.64 3.11 17.32 6.24
0.39 6.67 3.12 17.32 6.22
0.39 6.71 3.14 17.32 6.20
0.39 6.74 3.15 17.32 6.18
0.39 6.78 3.16 17.32 6.16
0.39 6.82 3.18 17.32 6.14
0.40 6.85 3.19 17.32 6.12
0.40 6.89 3.20 17.32 6.10
0.40 6.92 3.21 17.32 6.08
0.40 6.96 3.23 17.32 6.06
0.40 6.99 3.24 17.32 6.04
0.41 7.03 3.25 17.32 6.02
0.41 7.06 3.26 17.32 6.00
0.41 7.10 3.27 17.32 5.98
0.41 7.13 3.29 17.32 5.96
0.41 7.17 3.30 17.32 5.94
0.42 7.20 3.31 17.32 5.92
0.42 7.24 3.32 17.32 5.90
0.42 7.27 3.33 17.32 5.88
0.42 7.31 3.35 17.32 5.86
0.42 7.34 3.36 17.32 5.84
0.43 7.38 3.37 17.32 5.82
0.43 7.42 3.38 17.32 5.80
0.43 7.45 3.39 17.32 5.78
0.43 7.49 3.41 17.32 5.76
0.43 7.52 3.42 17.32 5.74
0.44 7.56 3.43 17.32 5.72
0.44 7.59 3.44 17.32 5.70
0.44 7.63 3.45 17.32 5.68
0.44 7.66 3.46 17.32 5.66
0.44 7.70 3.48 17.32 5.64
0.45 7.73 3.49 17.32 5.62
0.45 7.77 3.50 17.32 5.60
0.45 7.80 3.51 17.32 5.58
0.45 7.84 3.52 17.32 5.56
0.45 7.87 3.53 17.32 5.54
0.46 7.91 3.54 17.32 5.52
0.46 7.95 3.56 17.32 5.50
0.46 7.98 3.57 17.32 5.48
0.46 8.02 3.58 17.32 5.46
0.46 8.05 3.59 17.32 5.44
0.47 8.09 3.60 17.32 5.42
0.47 8.12 3.61 17.32 5.40
0.47 8.16 3.62 17.32 5.38
0.47 8.19 3.63 17.32 5.36
0.48 8.23 3.64 17.32 5.34
0.48 8.26 3.65 17.32 5.32
0.48 8.30 3.67 17.32 5.30
0.48 8.33 3.68 17.32 5.28
0.48 8.37 3.69 17.32 5.26
0.49 8.40 3.70 17.32 5.24
0.49 8.44 3.71 17.32 5.22
0.49 8.47 3.72 17.32 5.20
0.49 8.51 3.73 17.32 5.18
0.49 8.55 3.74 17.32 5.16
0.50 8.58 3.75 17.32 5.14
0.50 8.62 3.76 17.32 5.12
0.50 8.65 3.77 17.32 5.10
0.50 8.69 3.78 17.32 5.08
0.50 8.72 3.79 17.32 5.06
0.51 8.76 3.80 17.32 5.04
0.51 8.79 3.81 17.32 5.02
0.51 8.83 3.82 17.32 5.00
0.51 8.86 3.83 17.32 4.98
0.51 8.90 3.84 17.32 4.96
0.52 8.93 3.85 17.32 4.94
0.52 8.97 3.86 17.32 4.92
0.52 9.00 3.87 17.32 4.90
0.52 9.04 3.88 17.32 4.88
0.52 9.08 3.89 17.32 4.86
0.53 9.11 3.90 17.32 4.84
0.53 9.15 3.91 17.32 4.82
0.53 9.18 3.92 17.32 4.80
0.53 9.22 3.93 17.32 4.78
0.53 9.25 3.94 17.32 4.76
0.54 9.29 3.95 17.32 4.74
0.54 9.32 3.96 17.32 4.72
0.54 9.36 3.97 17.32 4.70
0.54 9.39 3.98 17.32 4.68
0.54 9.43 3.99 17.32 4.66
0.55 9.46 4.00 17.32 4.64
0.55 9.50 4.01 17.32 4.62
0.55 9.53 4.02 17.32 4.60
0.55 9.57 4.03 17.32 4.58
0.55 9.60 4.04 17.32 4.56
0.56 9.64 4.05 17.32 4.54
0.56 9.68 4.06 17.32 4.52
0.56 9.71 4.06 17.32 4.50
0.56 9.75 4.07 17.32 4.48
0.56 9.78 4.08 17.32 4.46
0.57 9.82 4.09 17.32 4.44
0.57 9.85 4.10 17.32 4.42
0.57 9.89 4.11 17.32 4.40
0.57 9.92 4.12 17.32 4.38
0.57 9.96 4.13 17.32 4.36
0.58 9.99 4.14 17.32 4.34
0.58 10.03 4.15 17.32 4.32
0.58 10.06 4.15 17.32 4.30
0.58 10.10 4.16 17.32 4.28
0.59 10.13 4.17 17.32 4.26
0.59 10.17 4.18 17.32 4.24
0.59 10.21 4.19 17.32 4.22
0.59 10.24 4.20 17.32 4.20
0.59 10.28 4.21 17.32 4.18
0.60 10.31 4.21 17.32 4.16
0.60 10.35 4.22 17.32 4.14
0.60 10.38 4.23 17.32 4.12
0.60 10.42 4.24 17.32 4.10
0.60 10.45 4.25 17.32 4.08
0.61 10.49 4.26 17.32 4.06
0.61 10.52 4.26 17.32 4.04
0.61 10.56 4.27 17.32 4.02
0.61 10.59 4.28 17.32 4.00
0.61 10.63 4.29 17.32 3.98
0.62 10.66 4.30 17.32 3.96
0.62 10.70 4.31 17.32 3.94
0.62 10.73 4.31 17.32 3.92
0.62 10.77 4.32 17.32 3.90
0.62 10.81 4.33 17.32 3.88
0.63 10.84 4.34 17.32 3.86
0.63 10.88 4.35 17.32 3.84
0.63 10.91 4.35 17.32 3.82
0.63 10.95 4.36 17.32 3.80
0.63 10.98 4.37 17.32 3.78
0.64 11.02 4.38 17.32 3.76
0.64 11.05 4.38 17.32 3.74
0.64 11.09 4.39 17.32 3.72
0.64 11.12 4.40 17.32 3.70
0.64 11.16 4.41 17.32 3.68
0.65 11.19 4.41 17.32 3.66
0.65 11.23 4.42 17.32 3.64
0.65 11.26 4.43 17.32 3.62
0.65 11.30 4.44 17.32 3.60
0.65 11.34 4.44 17.32 3.58
0.66 11.37 4.45 17.32 3.56
0.66 11.41 4.46 17.32 3.54
0.66 11.44 4.47 17.32 3.52
0.66 11.48 4.47 17.32 3.50
0.66 11.51 4.48 17.32 3.48
0.67 11.55 4.49 17.32 3.46
0.67 11.58 4.49 17.32 3.44
0.67 11.62 4.50 17.32 3.42
0.67 11.65 4.51 17.32 3.40
0.67 11.69 4.51 17.32 3.38
0.68 11.72 4.52 17.32 3.36
0.68 11.76 4.53 17.32 3.34
0.68 11.79 4.54 17.32 3.32
0.68 11.83 4.54 17.32 3.30
0.69 11.86 4.55 17.32 3.28
0.69 11.90 4.56 17.32 3.26
0.69 11.94 4.56 17.32 3.24
0.69 11.97 4.57 17.32 3.22
0.69 12.01 4.57 17.32 3.20
0.70 12.04 4.58 17.32 3.18
0.70 12.08 4.59 17.32 3.16
0.70 12.11 4.59 17.32 3.14
0.70 12.15 4.60 17.32 3.12
0.70 12.18 4.61 17.32 3.10
0.71 12.22 4.61 17.32 3.08
0.71 12.25 4.62 17.32 3.06
0.71 12.29 4.63 17.32 3.04
0.71 12.32 4.63 17.32 3.02
0.71 12.36 4.64 17.32 3.00
0.72 12.39 4.64 17.32 2.98
0.72 12.43 4.65 17.32 2.96
0.72 12.47 4.66 17.32 2.94
0.72 12.50 4.66 17.32 2.92
0.72 12.54 4.67 17.32 2.90
0.73 12.57 4.67 17.32 2.88
0.73 12.61 4.68 17.32 2.86
0.73 12.64 4.69 17.32 2.84
0.73 12.68 4.69 17.32 2.82
0.73 12.71 4.70 17.32 2.80
0.74 12.75 4.70 17.32 2.78
0.74 12.78 4.71 17.32 2.76
0.74 12.82 4.71 17.32 2.74
0.74 12.85 4.72 17.32 2.72
0.74 12.89 4.73 17.32 2.70
0.75 12.92 4.73 17.32 2.68
0.75 12.96 4.74 17.32 2.66
0.75 12.99 4.74 17.32 2.64
0.75 13.03 4.75 17.32 2.62
0.75 13.07 4.75 17.32 2.60
0.76 13.10 4.76 17.32 2.58
0.76 13.14 4.76 17.32 2.56
0.76 13.17 4.77 17.32 2.54
0.76 13.21 4.77 17.32 2.52
0.76 13.24 4.78 17.32 2.50
0.77 13.28 4.78 17.32 2.48
0.77 13.31 4.79 17.32 2.46
0.77 13.35 4.79 17.32 2.44
0.77 13.38 4.80 17.32 2.42
0.77 13.42 4.80 17.32 2.40
0.78 13.45 4.81 17.32 2.38
0.78 13.49 4.81 17.32 2.36
0.78 13.52 4.82 17.32 2.34
0.78 13.56 4.82 17.32 2.32
0.78 13.60 4.83 17.32 2.30
0.79 13.63 4.83 17.32 2.28
0.79 13.67 4.84 17.32 2.26
0.79 13.70 4.84 17.32 2.24
0.79 13.74 4.85 17.32 2.22
0.80 13.77 4.85 17.32 2.20
0.80 13.81 4.85 17.32 2.18
0.80 13.84 4.86 17.32 2.16
0.80 13.88 4.86 17.32 2.14
0.80 13.91 4.87 17.32 2.12
0.81 13.95 4.87 17.32 2.10
0.81 13.98 4.88 17.32 2.08
0.81 14.02 4.88 17.32 2.06
0.81 14.05 4.88 17.32 2.04
0.81 14.09 4.89 17.32 2.02
0.82 14.12 4.89 17.32 2.00
0.82 14.16 4.90 17.32 1.98
0.82 14.20 4.90 17.32 1.96
0.82 14.23 4.91 17.32 1.94
0.82 14.27 4.91 17.32 1.92
0.83 14.30 4.91 17.32 1.90
0.83 14.34 4.92 17.32 1.88
0.83 14.37 4.92 17.32 1.86
0.83 14.41 4.92 17.32 1.84
0.83 14.44 4.93 17.32 1.82
0.84 14.48 4.93 17.32 1.80
0.84 14.51 4.94 17.32 1.78
0.84 14.55 4.94 17.32 1.76
0.84 14.58 4.94 17.32 1.74
0.84 14.62 4.95 17.32 1.72
0.85 14.65 4.95 17.32 1.70
0.85 14.69 4.95 17.32 1.68
0.85 14.73 4.96 17.32 1.66
0.85 14.76 4.96 17.32 1.64
0.85 14.80 4.96 17.32 1.62
0.86 14.83 4.97 17.32 1.60
0.86 14.87 4.97 17.32 1.58
0.86 14.90 4.97 17.32 1.56
0.86 14.94 4.98 17.32 1.54
0.86 14.97 4.98 17.32 1.52
0.87 15.01 4.98 17.32 1.50
0.87 15.04 4.99 17.32 1.48
0.87 15.08 4.99 17.32 1.46
0.87 15.11 4.99 17.32 1.44
0.87 15.15 4.99 17.32 1.42
0.88 15.18 5.00 17.32 1.40
0.88 15.22 5.00 17.32 1.38
0.88 15.25 5.00 17.32 1.36
0.88 15.29 5.01 17.32 1.34
0.88 15.33 5.01 17.32 1.32
0.89 15.36 5.01 17.32 1.30
0.89 15.40 5.01 17.32 1.28
0.89 15.43 5.02 17.32 1.26
0.89 15.47 5.02 17.32 1.24
0.90 15.50 5.02 17.32 1.22
0.90 15.54 5.02 17.32 1.20
0.90 15.57 5.03 17.32 1.18
0.90 15.61 5.03 17.32 1.16
0.90 15.64 5.03 17.32 1.14
0.91 15.68 5.03 17.32 1.12
0.91 15.71 5.04 17.32 1.10
0.91 15.75 5.04 17.32 1.08
0.91 15.78 5.04 17.32 1.06
0.91 15.82 5.04 17.32 1.04
0.92 15.86 5.04 17.32 1.02
0.92 15.89 5.05 17.32 1.00
0.92 15.93 5.05 17.32 0.98
0.92 15.96 5.05 17.32 0.96
0.92 16.00 5.05 17.32 0.94
0.93 16.03 5.05 17.32 0.92
0.93 16.07 5.06 17.32 0.90
0.93 16.10 5.06 17.32 0.88
0.93 16.14 5.06 17.32 0.86
0.93 16.17 5.06 17.32 0.84
0.94 16.21 5.06 17.32 0.82
0.94 16.24 5.06 17.32 0.80
0.94 16.28 5.07 17.32 0.78
0.94 16.31 5.07 17.32 0.76
0.94 16.35 5.07 17.32 0.74
0.95 16.38 5.07 17.32 0.72
0.95 16.42 5.07 17.32 0.70
0.95 16.46 5.07 17.32 0.68
0.95 16.49 5.07 17.32 0.66
0.95 16.53 5.08 17.32 0.64
0.96 16.56 5.08 17.32 0.62
0.96 16.60 5.08 17.32 0.60
0.96 16.63 5.08 17.32 0.58
0.96 16.67 5.08 17.32 0.56
0.96 16.70 5.08 17.32 0.54
0.97 16.74 5.08 17.32 0.52
0.97 16.77 5.08 17.32 0.50
0.97 16.81 5.09 17.32 0.48
0.97 16.84 5.09 17.32 0.46
0.97 16.88 5.09 17.32 0.44
0.98 16.91 5.09 17.32 0.42
0.98 16.95 5.09 17.32 0.40
0.98 16.99 5.09 17.32 0.38
0.98 17.02 5.09 17.32 0.36
0.98 17.06 5.09 17.32 0.34
0.99 17.09 5.09 17.32 0.32
0.99 17.13 5.09 17.32 0.30
0.99 17.16 5.09 17.32 0.28
0.99 17.20 5.09 17.32 0.26
0.99 17.23 5.09 17.32 0.24
1.00 17.27 5.09 17.32 0.22
1.00 17.30 5.09 17.32 0.20
1.00 17.34 5.10 17.32 0.18
1.00 17.37 5.10 17.32 0.16
1.01 17.41 5.10 17.32 0.14
1.01 17.44 5.10 17.32 0.12
1.01 17.48 5.10 17.32 0.10
1.01 17.51 5.10 17.32 0.08
1.01 17.55 5.10 17.32 0.06
1.02 17.59 5.10 17.32 0.04
1.02 17.62 5.10 17.32 0.02
1.02 17.66 5.10 17.32 0.00
1.02 17.69 5.10 17.32 -0.02
1.02 17.73 5.10 17.32 -0.04
1.03 17.76 5.10 17.32 -0.06
1.03 17.80 5.10 17.32 -0.08
1.03 17.83 5.10 17.32 -0.10
1.03 17.87 5.10 17.32 -0.12
1.03 17.90 5.10 17.32 -0.14
1.04 17.94 5.10 17.32 -0.16
1.04 17.97 5.10 17.32 -0.18
1.04 18.01 5.09 17.32 -0.20
1.04 18.04 5.09 17.32 -0.22
1.04 18.08 5.09 17.32 -0.24
1.05 18.12 5.09 17.32 -0.26
1.05 18.15 5.09 17.32 -0.28
1.05 18.19 5.09 17.32 -0.30
1.05 18.22 5.09 17.32 -0.32
1.05 18.26 5.09 17.32 -0.34
1.06 18.29 5.09 17.32 -0.36
1.06 18.33 5.09 17.32 -0.38
1.06 18.36 5.09 17.32 -0.40
1.06 18.40 5.09 17.32 -0.42
1.06 18.43 5.09 17.32 -0.44
1.07 18.47 5.09 17.32 -0.46
1.07 18.50 5.09 17.32 -0.48
1.07 18.54 5.08 17.32 -0.50
1.07 18.57 5.08 17.32 -0.52
1.07 18.61 5.08 17.32 -0.54
1.08 18.64 5.08 17.32 -0.56
1.08 18.68 5.08 17.32 -0.58
1.08 18.72 5.08 17.32 -0.60
1.08 18.75 5.08 17.32 -0.62
1.08 18.79 5.08 17.32 -0.64
1.09 18.82 5.07 17.32 -0.66
1.09 18.86 5.07 17.32 -0.68
1.09 18.89 5.07 17.32 -0.70
1.09 18.93 5.07 17.32 -0.72
1.09 18.96 5.07 17.32 -0.74
1.10 19.00 5.07 17.32 -0.76
1.10 19.03 5.07 17.32 -0.78
1.10 19.07 5.06 17.32 -0.80
1.10 19.10 5.06 17.32 -0.82
1.10 19.14 5.06 17.32 -0.84
1.11 19.17 5.06 17.32 -0.86
1.11 19.21 5.06 17.32 -0.88
1.11 19.25 5.06 17.32 -0.90
1.11 19.28 5.05 17.32 -0.92
1.12 19.32 5.05 17.32 -0.94
1.12 19.35 5.05 17.32 -0.96
1.12 19.39 5.05 17.32 -0.98
1.12 19.42 5.05 17.32 -1.00
1.12 19.46 5.04 17.32 -1.02
1.13 19.49 5.04 17.32 -1.04
1.13 19.53 5.04 17.32 -1.06
1.13 19.56 5.04 17.32 -1.08
1.13 19.60 5.04 17.32 -1.10
1.13 19.63 5.03 17.32 -1.12
1.14 19.67 5.03 17.32 -1.14
1.14 19.70 5.03 17.32 -1.16
1.14 19.74 5.03 17.32 -1.18
1.14 19.77 5.02 17.32 -1.20
1.14 19.81 5.02 17.32 -1.22
1.15 19.85 5.02 17.32 -1.24
1.15 19.88 5.02 17.32 -1.26
1.15 19.92 5.01 17.32 -1.28
1.15 19.95 5.01 17.32 -1.30
1.15 19.99 5.01 17.32 -1.32
1.16 20.02 5.01 17.32 -1.34
1.16 20.06 5.00 17.32 -1.36
1.16 20.09 5.00 17.32 -1.38
1.16 20.13 5.00 17.32 -1.40
1.16 20.16 4.99 17.32 -1.42
1.17 20.20 4.99 17.32 -1.44
1.17 20.23 4.99 17.32 -1.46
1.17 20.27 4.99 17.32 -1.48
1.17 20.30 4.98 17.32 -1.50
1.17 20.34 4.98 17.32 -1.52
1.18 20.37 4.98 17.32 -1.54
1.18 20.41 4.97 17.32 -1.56
1.18 20.45 4.97 17.32 -1.58
1.18 20.48 4.97 17.32 -1.60
1.18 20.52 4.96 17.32 -1.62
1.19 20.55 4.96 17.32 -1.64
1.19 20.59 4.96 17.32 -1.66
1.19 20.62 4.95 17.32 -1.68
1.19 20.66 4.95 17.32 -1.70
1.19 20.69 4.95 17.32 -1.72
1.20 20.73 4.94 17.32 -1.74
1.20 20.76 4.94 17.32 -1.76
1.20 20.80 4.94 17.32 -1.78
1.20 20.83 4.93 17.32 -1.80
1.20 20.87 4.93 17.32 -1.82
1.21 20.90 4.92 17.32 -1.84
1.21 20.94 4.92 17.32 -1.86
1.21 20.98 4.92 17.32 -1.88
1.21 21.01 4.91 17.32 -1.90
1.22 21.05 4.91 17.32 -1.92
1.22 21.08 4.91 17.32 -1.94
1.22 21.12 4.90 17.32 -1.96
1.22 21.15 4.90 17.32 -1.98
1.22 21.19 4.89 17.32 -2.00
1.23 21.22 4.89 17.32 -2.02
1.23 21.26 4.88 17.32 -2.04
1.23 21.29 4.88 17.32 -2.06
1.23 21.33 4.88 17.32 -2.08
1.23 21.36 4.87 17.32 -2.10
1.24 21.40 4.87 17.32 -2.12
1.24 21.43 4.86 17.32 -2.14
1.24 21.47 4.86 17.32 -2.16
1.24 21.50 4.85 17.32 -2.18
1.24 21.54 4.85 17.32 -2.20
1.25 21.58 4.85 17.32 -2.22
1.25 21.61 4.84 17.32 -2.24
1.25 21.65 4.84 17.32 -2.26
1.25 21.68 4.83 17.32 -2.28
1.25 21.72 4.83 17.32 -2.30
1.26 21.75 4.82 17.32 -2.32
1.26 21.79 4.82 17.32 -2.34
1.26 21.82 4.81 17.32 -2.36
1.26 21.86 4.81 17.32 -2.38
1.26 21.89 4.80 17.32 -2.40
1.27 21.93 4.80 17.32 -2.42
1.27 21.96 4.79 17.32 -2.44
1.27 22.00 4.79 17.32 -2.46
1.27 22.03 4.78 17.32 -2.48
1.27 22.07 4.78 17.32 -2.50
1.28 22.11 4.77 17.32 -2.52
1.28 22.14 4.77 17.32 -2.54
1.28 22.18 4.76 17.32 -2.56
1.28 22.21 4.76 17.32 -2.58
1.28 22.25 4.75 17.32 -2.60
1.29 22.28 4.75 17.32 -2.62
1.29 22.32 4.74 17.32 -2.64
1.29 22.35 4.74 17.32 -2.66
1.29 22.39 4.73 17.32 -2.68
1.29 22.42 4.73 17.32 -2.70
1.30 22.46 4.72 17.32 -2.72
1.30 22.49 4.71 17.32 -2.74
1.30 22.53 4.71 17.32 -2.76
1.30 22.56 4.70 17.32 -2.78
1.30 22.60 4.70 17.32 -2.80
1.31 22.63 4.69 17.32 -2.82
1.31 22.67 4.69 17.32 -2.84
1.31 22.71 4.68 17.32 -2.86
1.31 22.74 4.67 17.32 -2.88
1.31 22.78 4.67 17.32 -2.90
1.32 22.81 4.66 17.32 -2.92
1.32 22.85 4.66 17.32 -2.94
1.32 22.88 4.65 17.32 -2.96
1.32 22.92 4.64 17.32 -2.98
1.33 22.95 4.64 17.32 -3.00
1.33 22.99 4.63 17.32 -3.02
1.33 23.02 4.63 17.32 -3.04
1.33 23.06 4.62 17.32 -3.06
1.33 23.09 4.61 17.32 -3.08
1.34 23.13 4.61 17.32 -3.10
1.34 23.16 4.60 17.32 -3.12
1.34 23.20 4.59 17.32 -3.14
1.34 23.24 4.59 17.32 -3.16
1.34 23.27 4.58 17.32 -3.18
1.35 23.31 4.57 17.32 -3.20
1.35 23.34 4.57 17.32 -3.22
1.35 23.38 4.56 17.32 -3.24
1.35 23.41 4.56 17.32 -3.26
1.35 23.45 4.55 17.32 -3.28
1.36 23.48 4.54 17.32 -3.30
1.36 23.52 4.54 17.32 -3.32
1.36 23.55 4.53 17.32 -3.34
1.36 23.59 4.52 17.32 -3.36
1.36 23.62 4.51 17.32 -3.38
1.37 23.66 4.51 17.32 -3.40
1.37 23.69 4.50 17.32 -3.42
1.37 23.73 4.49 17.32 -3.44
1.37 23.76 4.49 17.32 -3.46
1.37 23.80 4.48 17.32 -3.48
1.38 23.84 4.47 17.32 -3.50
1.38 23.87 4.47 17.32 -3.52
1.38 23.91 4.46 17.32 -3.54
1.38 23.94 4.45 17.32 -3.56
1.38 23.98 4.44 17.32 -3.58
1.39 24.01 4.44 17.32 -3.60
1.39 24.05 4.43 17.32 -3.62
1.39 24.08 4.42 17.32 -3.64
1.39 24.12 4.41 17.32 -3.66
1.39 24.15 4.41 17.32 -3.68
1.40 24.19 4.40 17.32 -3.70
1.40 24.22 4.39 17.32 -3.72
1.40 24.26 4.38 17.32 -3.74
1.40 24.29 4.38 17.32 -3.76
1.40 24.33 4.37 17.32 -3.78
1.41 24.37 4.36 17.32 -3.80
1.41 24.40 4.35 17.32 -3.82
1.41 24.44 4.35 17.32 -3.84
1.41 24.47 4.34 17.32 -3.86
1.41 24.51 4.33 17.32 -3.88
1.42 24.54 4.32 17.32 -3.90
1.42 24.58 4.31 17.32 -3.92
1.42 24.61 4.31 17.32 -3.94
1.42 24.65 4.30 17.32 -3.96
1.43 24.68 4.29 17.32 -3.98
1.43 24.72 4.28 17.32 -4.00
1.43 24.75 4.27 17.32 -4.02
1.43 24.79 4.26 17.32 -4.04
1.43 24.82 4.26 17.32 -4.06
1.44 24.86 4.25 17.32 -4.08
1.44 24.89 4.24 17.32 -4.10
1.44 24.93 4.23 17.32 -4.12
1.44 24.97 4.22 17.32 -4.14
1.44 25.00 4.21 17.32 -4.16
1.45 25.04 4.21 17.32 -4.18
1.45 25.07 4.20 17.32 -4.20
1.45 25.11 4.19 17.32 -4.22
1.45 25.14 4.18 17.32 -4.24
1.45 25.18 4.17 17.32 -4.26
1.46 25.21 4.16 17.32 -4.28
1.46 25.25 4.15 17.32 -4.30
1.46 25.28 4.15 17.32 -4.32
1.46 25.32 4.14 17.32 -4.34
1.46 25.35 4.13 17.32 -4.36
1.47 25.39 4.12 17.32 -4.38
1.47 25.42 4.11 17.32 -4.40
1.47 25.46 4.10 17.32 -4.42
1.47 25.50 4.09 17.32 -4.44
1.47 25.53 4.08 17.32 -4.46
1.48 25.57 4.07 17.32 -4.48
1.48 25.60 4.06 17.32 -4.50
1.48 25.64 4.06 17.32 -4.52
1.48 25.67 4.05 17.32 -4.54
1.48 25.71 4.04 17.32 -4.56
1.49 25.74 4.03 17.32 -4.58
1.49 25.78 4.02 17.32 -4.60
1.49 25.81 4.01 17.32 -4.62
1.49 25.85 4.00 17.32 -4.64
1.49 25.88 3.99 17.32 -4.66
1.50 25.92 3.98 17.32 -4.68
1.50 25.95 3.97 17.32 -4.70
1.50 25.99 3.96 17.32 -4.72
1.50 26.02 3.95 17.32 -4.74
1.50 26.06 3.94 17.32 -4.76
1.51 26.10 3.93 17.32 -4.78
1.51 26.13 3.92 17.32 -4.80
1.51 26.17 3.91 17.32 -4.82
1.51 26.20 3.90 17.32 -4.84
1.51 26.24 3.89 17.32 -4.86
1.52 26.27 3.88 17.32 -4.88
1.52 26.31 3.87 17.32 -4.90
1.52 26.34 3.86 17.32 -4.92
1.52 26.38 3.85 17.32 -4.94
1.52 26.41 3.84 17.32 -4.96
1.53 26.45 3.83 17.32 -4.98
1.53 26.48 3.82 17.32 -5.00
1.53 26.52 3.81 17.32 -5.02
1.53 26.55 3.80 17.32 -5.04
1.54 26.59 3.79 17.32 -5.06
1.54 26.63 3.78 17.32 -5.08
1.54 26.66 3.77 17.32 -5.10
1.54 26.70 3.76 17.32 -5.12
1.54 26.73 3.75 17.32 -5.14
1.55 26.77 3.74 17.32 -5.16
1.55 26.80 3.73 17.32 -5.18
1.55 26.84 3.72 17.32 -5.20
1.55 26.87 3.71 17.32 -5.22
1.55 26.91 3.70 17.32 -5.24
1.56 26.94 3.69 17.32 -5.26
1.56 26.98 3.68 17.32 -5.28
1.56 27.01 3.67 17.32 -5.30
1.56 27.05 3.65 17.32 -5.32
1.56 27.08 3.64 17.32 -5.34
1.57 27.12 3.63 17.32 -5.36
1.57 27.15 3.62 17.32 -5.38
1.57 27.19 3.61 17.32 -5.40
1.57 27.23 3.60 17.32 -5.42
1.57 27.26 3.59 17.32 -5.44
1.58 27.30 3.58 17.32 -5.46
1.58 27.33 3.57 17.32 -5.48
1.58 27.37 3.56 17.32 -5.50
1.58 27.40 3.54 17.32 -5.52
1.58 27.44 3.53 17.32 -5.54
1.59 27.47 3.52 17.32 -5.56
1.59 27.51 3.51 17.32 -5.58
1.59 27.54 3.50 17.32 -5.60
1.59 27.58 3.49 17.32 -5.62
1.59 27.61 3.48 17.32 -5.64
1.60 27.65 3.46 17.32 -5.66
1.60 27.68 3.45 17.32 -5.68
1.60 27.72 3.44 17.32 -5.70
1.60 27.76 3.43 17.32 -5.72
1.60 27.79 3.42 17.32 -5.74
1.61 27.83 3.41 17.32 -5.76
1.61 27.86 3.39 17.32 -5.78
1.61 27.90 3.38 17.32 -5.80
1.61 27.93 3.37 17.32 -5.82
1.61 27.97 3.36 17.32 -5.84
1.62 28.00 3.35 17.32 -5.86
1.62 28.04 3.33 17.32 -5.88
1.62 28.07 3.32 17.32 -5.90
1.62 28.11 3.31 17.32 -5.92
1.62 28.14 3.30 17.32 -5.94
1.63 28.18 3.29 17.32 -5.96
1.63 28.21 3.27 17.32 -5.98
1.63 28.25 3.26 17.32 -6.00
1.63 28.28 3.25 17.32 -6.02
1.64 28.32 3.24 17.32 -6.04
1.64 28.36 3.23 17.32 -6.06
1.64 28.39 3.21 17.32 -6.08
1.64 28.43 3.20 17.32 -6.10
1.64 28.46 3.19 17.32 -6.12
1.65 28.50 3.18 17.32 -6.14
1.65 28.53 3.16 17.32 -6.16
1.65 28.57 3.15 17.32 -6.18
1.65 28.60 3.14 17.32 -6.20
1.65 28.64 3.12 17.32 -6.22
1.66 28.67 3.11 17.32 -6.24
1.66 28.71 3.10 17.32 -6.26
1.66 28.74 3.09 17.32 -6.28
1.66 28.78 3.07 17.32 -6.30
1.66 28.81 3.06 17.32 -6.32
1.67 28.85 3.05 17.32 -6.34
1.67 28.89 3.04 17.32 -6.36
1.67 28.92 3.02 17.32 -6.38
1.67 28.96 3.01 17.32 -6.40
1.67 28.99 3.00 17.32 -6.42
1.68 29.03 2.98 17.32 -6.44
1.68 29.06 2.97 17.32 -6.46
1.68 29.10 2.96 17.32 -6.48
1.68 29.13 2.94 17.32 -6.50
1.68 29.17 2.93 17.32 -6.52
1.69 29.20 2.92 17.32 -6.54
1.69 29.24 2.90 17.32 -6.56
1.69 29.27 2.89 17.32 -6.58
1.69 29.31 2.88 17.32 -6.60
1.69 29.34 2.86 17.32 -6.62
1.70 29.38 2.85 17.32 -6.64
1.70 29.41 2.84 17.32 -6.66
1.70 29.45 2.82 17.32 -6.68
1.70 29.49 2.81 17.32 -6.70
1.70 29.52 2.80 17.32 -6.72
1.71 29.56 2.78 17.32 -6.74
1.71 29.59 2.77 17.32 -6.76
1.71 29.63 2.75 17.32 -6.78
1.71 29.66 2.74 17.32 -6.80
1.71 29.70 2.73 17.32 -6.82
1.72 29.73 2.71 17.32 -6.84
1.72 29.77 2.70 17.32 -6.86
1.72 29.80 2.68 17.32 -6.88
1.72 29.84 2.67 17.32 -6.90
1.72 29.87 2.66 17.32 -6.92
1.73 29.91 2.64 17.32 -6.94
1.73 29.94 2.63 17.32 -6.96
1.73 29.98 2.61 17.32 -6.98
1.73 30.02 2.60 17.32 -7.00
1.73 30.05 2.59 17.32 -7.02
1.74 30.09 2.57 17.32 -7.04
1.74 30.12 2.56 17.32 -7.06
1.74 30.16 2.54 17.32 -7.08
1.74 30.19 2.53 17.32 -7.10
1.75 30.23 2.51 17.32 -7.12
1.75 30.26 2.50 17.32 -7.14
1.75 30.30 2.48 17.32 -7.16
1.75 30.33 2.47 17.32 -7.18
1.75 30.37 2.45 17.32 -7.20
1.76 30.40 2.44 17.32 -7.22
1.76 30.44 2.43 17.32 -7.24
1.76 30.47 2.41 17.32 -7.26
1.76 30.51 2.40 17.32 -7.28
1.76 30.54 2.38 17.32 -7.30
1.77 30.58 2.37 17.32 -7.32
1.77 30.62 2.35 17.32 -7.34
1.77 30.65 2.34 17.32 -7.36
1.77 30.69 2.32 17.32 -7.38
1.77 30.72 2.31 17.32 -7.40
1.78 30.76 2.29 17.32 -7.42
1.78 30.79 2.28 17.32 -7.44
1.78 30.83 2.26 17.32 -7.46
1.78 30.86 2.25 17.32 -7.48
1.78 30.90 2.23 17.32 -7.50
1.79 30.93 2.21 17.32 -7.52
1.79 30.97 2.20 17.32 -7.54
1.79 31.00 2.18 17.32 -7.56
1.79 31.04 2.17 17.32 -7.58
1.79 31.07 2.15 17.32 -7.60
1.80 31.11 2.14 17.32 -7.62
1.80 31.15 2.12 17.32 -7.64
1.80 31.18 2.11 17.32 -7.66
1.80 31.22 2.09 17.32 -7.68
1.80 31.25 2.07 17.32 -7.70
1.81 31.29 2.06 17.32 -7.72
1.81 31.32 2.04 17.32 -7.74
1.81 31.36 2.03 17.32 -7.76
1.81 31.39 2.01 17.32 -7.78
1.81 31.43 2.00 17.32 -7.80
1.82 31.46 1.98 17.32 -7.82
1.82 31.50 1.96 17.32 -7.84
1.82 31.53 1.95 17.32 -7.86
1.82 31.57 1.93 17.32 -7.88
1.82 31.60 1.92 17.32 -7.90
1.83 31.64 1.90 17.32 -7.92
1.83 31.67 1.88 17.32 -7.94
1.83 31.71 1.87 17.32 -7.96
1.83 31.75 1.85 17.32 -7.98
1.83 31.78 1.83 17.32 -8.00
1.84 31.82 1.82 17.32 -8.02
1.84 31.85 1.80 17.32 -8.04
1.84 31.89 1.79 17.32 -8.06
1.84 31.92 1.77 17.32 -8.08
1.85 31.96 1.75 17.32 -8.10
1.85 31.99 1.74 17.32 -8.12
1.85 32.03 1.72 17.32 -8.14
1.85 32.06 1.70 17.32 -8.16
1.85 32.10 1.69 17.32 -8.18
1.86 32.13 1.67 17.32 -8.20
1.86 32.17 1.65 17.32 -8.22
1.86 32.20 1.64 17.32 -8.24
1.86 32.24 1.62 17.32 -8.26
1.86 32.28 1.60 17.32 -8.28
1.87 32.31 1.59 17.32 -8.30
1.87 32.35 1.57 17.32 -8.32
1.87 32.38 1.55 17.32 -8.34
1.87 32.42 1.53 17.32 -8.36
1.87 32.45 1.52 17.32 -8.38
1.88 32.49 1.50 17.32 -8.40
1.88 32.52 1.48 17.32 -8.42
1.88 32.56 1.47 17.32 -8.44
1.88 32.59 1.45 17.32 -8.46
1.88 32.63 1.43 17.32 -8.48
1.89 32.66 1.41 17.32 -8.50
1.89 32.70 1.40 17.32 -8.52
1.89 32.73 1.38 17.32 -8.54
1.89 32.77 1.36 17.32 -8.56
1.89 32.80 1.34 17.32 -8.58
1.90 32.84 1.33 17.32 -8.60
1.90 32.88 1.31 17.32 -8.62
1.90 32.91 1.29 17.32 -8.64
1.90 32.95 1.27 17.32 -8.66
1.90 32.98 1.26 17.32 -8.68
1.91 33.02 1.24 17.32 -8.70
1.91 33.05 1.22 17.32 -8.72
1.91 33.09 1.20 17.32 -8.74
1.91 33.12 1.19 17.32 -8.76
1.91 33.16 1.17 17.32 -8.78
1.92 33.19 1.15 17.32 -8.80
1.92 33.23 1.13 17.32 -8.82
1.92 33.26 1.11 17.32 -8.84
1.92 33.30 1.10 17.32 -8.86
1.92 33.33 1.08 17.32 -8.88
1.93 33.37 1.06 17.32 -8.90
1.93 33.41 1.04 17.32 -8.92
1.93 33.44 1.02 17.32 -8.94
1.93 33.48 1.01 17.32 -8.96
1.93 33.51 0.99 17.32 -8.98
1.94 33.55 0.97 17.32 -9.00
1.94 33.58 0.95 17.32 -9.02
1.94 33.62 0.93 17.32 -9.04
1.94 33.65 0.91 17.32 -9.06
1.94 33.69 0.89 17.32 -9.08
1.95 33.72 0.88 17.32 -9.10
1.95 33.76 0.86 17.32 -9.12
1.95 33.79 0.84 17.32 -9.14
1.95 33.83 0.82 17.32 -9.16
1.96 33.86 0.80 17.32 -9.18
1.96 33.90 0.78 17.32 -9.20
1.96 33.93 0.76 17.32 -9.22
1.96 33.97 0.75 17.32 -9.24
1.96 34.01 0.73 17.32 -9.26
1.97 34.04 0.71 17.32 -9.28
1.97 34.08 0.69 17.32 -9.30
1.97 34.11 0.67 17.32 -9.32
1.97 34.15 0.65 17.32 -9.34
1.97 34.18 0.63 17.32 -9.36
1.98 34.22 0.61 17.32 -9.38
1.98 34.25 0.59 17.32 -9.40
1.98 34.29 0.57 17.32 -9.42
1.98 34.32 0.55 17.32 -9.44
1.98 34.36 0.54 17.32 -9.46
1.99 34.39 0.52 17.32 -9.48
1.99 34.43 0.50 17.32 -9.50
1.99 34.46 0.48 17.32 -9.52
1.99 34.50 0.46 17.32 -9.54
1.99 34.54 0.44 17.32 -9.56
2.00 34.57 0.42 17.32 -9.58
2.00 34.61 0.40 17.32 -9.60
2.00 34.64 0.38 17.32 -9.62
2.00 34.68 0.36 17.32 -9.64
2.00 34.71 0.34 17.32 -9.66
2.01 34.75 0.32 17.32 -9.68
2.01 34.78 0.30 17.32 -9.70
2.01 34.82 0.28 17.32 -9.72
2.01 34.85 0.26 17.32 -9.74
2.01 34.89 0.24 17.32 -9.76
2.02 34.92 0.22 17.32 -9.78
2.02 34.96 0.20 17.32 -9.80
2.02 34.99 0.18 17.32 -9.82
2.02 35.03 0.16 17.32 -9.84
2.02 35.06 0.14 17.32 -9.86
2.03 35.10 0.12 17.32 -9.88
2.03 35.14 0.10 17.32 -9.90
2.03 35.17 0.08 17.32 -9.92
2.03 35.21 0.06 17.32 -9.94
2.03 35.24 0.04 17.32 -9.96
2.04 35.28 0.02 17.32 -9.98
2.04 35.31 0.00 17.32 -10.00
2.04 35.35 -0.02 17.32 -10.02
