0.00203874 0.0353119 0.020367 17.3205 9.98
0.00407747 0.0706239 0.0406932 17.3205 9.96
0.00611621 0.105936 0.0609786 17.3205 9.94
0.00815494 0.141248 0.0812232 17.3205 9.92
0.0101937 0.17656 0.101427 17.3205 9.9
0.0122324 0.211872 0.12159 17.3205 9.88
0.0142712 0.247184 0.141713 17.3205 9.86
0.0163099 0.282496 0.161794 17.3205 9.84
0.0183486 0.317807 0.181835 17.3205 9.82
0.0203874 0.353119 0.201835 17.3205 9.8
0.0224261 0.388431 0.221794 17.3205 9.78
0.0244648 0.423743 0.241713 17.3205 9.76
0.0265036 0.459055 0.26159 17.3205 9.74
0.0285423 0.494367 0.281427 17.3205 9.72
0.030581 0.529679 0.301223 17.3205 9.7
0.0326198 0.564991 0.320979 17.3205 9.68
0.0346585 0.600303 0.340693 17.3205 9.66
0.0366972 0.635615 0.360367 17.3205 9.64
0.038736 0.670927 0.38 17.3205 9.62
0.0407747 0.706239 0.399592 17.3205 9.6
0.0428135 0.741551 0.419144 17.3205 9.58
0.0448522 0.776863 0.438654 17.3205 9.56
0.0468909 0.812175 0.458124 17.3205 9.54
0.0489297 0.847487 0.477554 17.3205 9.52
0.0509684 0.882799 0.496942 17.3205 9.5
0.0530071 0.918111 0.51629 17.3205 9.48
0.0550459 0.953422 0.535596 17.3205 9.46
0.0570846 0.988734 0.554862 17.3205 9.44
0.0591233 1.02405 0.574088 17.3205 9.42
0.0611621 1.05936 0.593272 17.3205 9.4
0.0632008 1.09467 0.612416 17.3205 9.38
0.0652396 1.12998 0.631519 17.3205 9.36
0.0672783 1.16529 0.650581 17.3205 9.34
0.069317 1.20061 0.669602 17.3205 9.32
0.0713558 1.23592 0.688583 17.3205 9.3
0.0733945 1.27123 0.707523 17.3205 9.28
0.0754332 1.30654 0.726422 17.3205 9.26
0.077472 1.34185 0.74528 17.3205 9.24
0.0795107 1.37717 0.764098 17.3205 9.22
0.0815494 1.41248 0.782875 17.3205 9.2
0.0835882 1.44779 0.801611 17.3205 9.18
0.0856269 1.4831 0.820306 17.3205 9.16
0.0876656 1.51841 0.83896 17.3205 9.14
0.0897044 1.55373 0.857574 17.3205 9.12
0.0917431 1.58904 0.876147 17.3205 9.1
0.0937819 1.62435 0.894679 17.3205 9.08
0.0958206 1.65966 0.91317 17.3205 9.06
0.0978593 1.69497 0.931621 17.3205 9.04
0.0998981 1.73029 0.950031 17.3205 9.02
0.101937 1.7656 0.9684 17.3205 9
0.103976 1.80091 0.986728 17.3205 8.98
0.106014 1.83622 1.00502 17.3205 8.96
0.108053 1.87153 1.02326 17.3205 8.94
0.110092 1.90684 1.04147 17.3205 8.92
0.11213 1.94216 1.05963 17.3205 8.9
0.114169 1.97747 1.07776 17.3205 8.88
0.116208 2.01278 1.09584 17.3205 8.86
0.118247 2.04809 1.11388 17.3205 8.84
0.120285 2.0834 1.13189 17.3205 8.82
0.122324 2.11872 1.14985 17.3205 8.8
0.124363 2.15403 1.16777 17.3205 8.78
0.126402 2.18934 1.18565 17.3205 8.76
0.12844 2.22465 1.20349 17.3205 8.74
0.130479 2.25996 1.22128 17.3205 8.72
0.132518 2.29528 1.23904 17.3205 8.7
0.134557 2.33059 1.25676 17.3205 8.68
0.136595 2.3659 1.27443 17.3205 8.66
0.138634 2.40121 1.29207 17.3205 8.64
0.140673 2.43652 1.30966 17.3205 8.62
0.142712 2.47184 1.32722 17.3205 8.6
0.14475 2.50715 1.34473 17.3205 8.58
0.146789 2.54246 1.3622 17.3205 8.56
0.148828 2.57777 1.37963 17.3205 8.54
0.150866 2.61308 1.39702 17.3205 8.52
0.152905 2.6484 1.41437 17.3205 8.5
0.154944 2.68371 1.43168 17.3205 8.48
0.156983 2.71902 1.44895 17.3205 8.46
0.159021 2.75433 1.46618 17.3205 8.44
0.16106 2.78964 1.48336 17.3205 8.42
0.163099 2.82496 1.50051 17.3205 8.4
0.165138 2.86027 1.51761 17.3205 8.38
0.167176 2.89558 1.53468 17.3205 8.36
0.169215 2.93089 1.5517 17.3205 8.34
0.171254 2.9662 1.56869 17.3205 8.32
0.173293 3.00152 1.58563 17.3205 8.3
0.175331 3.03683 1.60253 17.3205 8.28
0.17737 3.07214 1.61939 17.3205 8.26
0.179409 3.10745 1.63621 17.3205 8.24
0.181448 3.14276 1.65299 17.3205 8.22
0.183486 3.17807 1.66972 17.3205 8.2
0.185525 3.21339 1.68642 17.3205 8.18
0.187564 3.2487 1.70308 17.3205 8.16
0.189602 3.28401 1.71969 17.3205 8.14
0.191641 3.31932 1.73627 17.3205 8.12
0.19368 3.35463 1.7528 17.3205 8.1
0.195719 3.38995 1.7693 17.3205 8.08
0.197757 3.42526 1.78575 17.3205 8.06
0.199796 3.46057 1.80216 17.3205 8.04
0.201835 3.49588 1.81853 17.3205 8.02
0.203874 3.53119 1.83486 17.3205 8
0.205912 3.56651 1.85115 17.3205 7.98
0.207951 3.60182 1.8674 17.3205 7.96
0.20999 3.63713 1.88361 17.3205 7.94
0.212029 3.67244 1.89978 17.3205 7.92
0.214067 3.70775 1.9159 17.3205 7.9
0.216106 3.74307 1.93199 17.3205 7.88
0.218145 3.77838 1.94803 17.3205 7.86
0.220183 3.81369 1.96404 17.3205 7.84
0.222222 3.849 1.98 17.3205 7.82
0.224261 3.88431 1.99592 17.3205 7.8
0.2263 3.91963 2.0118 17.3205 7.78
0.228338 3.95494 2.02765 17.3205 7.76
0.230377 3.99025 2.04345 17.3205 7.74
0.232416 4.02556 2.0592 17.3205 7.72
0.234455 4.06087 2.07492 17.3205 7.7
0.236493 4.09619 2.0906 17.3205 7.68
0.238532 4.1315 2.10624 17.3205 7.66
0.240571 4.16681 2.12183 17.3205 7.64
0.24261 4.20212 2.13739 17.3205 7.62
0.244648 4.23743 2.15291 17.3205 7.6
0.246687 4.27275 2.16838 17.3205 7.58
0.248726 4.30806 2.18381 17.3205 7.56
0.250765 4.34337 2.1992 17.3205 7.54
0.252803 4.37868 2.21456 17.3205 7.52
0.254842 4.41399 2.22987 17.3205 7.5
0.256881 4.4493 2.24514 17.3205 7.48
0.258919 4.48462 2.26037 17.3205 7.46
0.260958 4.51993 2.27556 17.3205 7.44
0.262997 4.55524 2.2907 17.3205 7.42
0.265036 4.59055 2.30581 17.3205 7.4
0.267074 4.62586 2.32088 17.3205 7.38
0.269113 4.66118 2.3359 17.3205 7.36
0.271152 4.69649 2.35089 17.3205 7.34
0.273191 4.7318 2.36583 17.3205 7.32
0.275229 4.76711 2.38073 17.3205 7.3
0.277268 4.80242 2.3956 17.3205 7.28
0.279307 4.83774 2.41042 17.3205 7.26
0.281346 4.87305 2.4252 17.3205 7.24
0.283384 4.90836 2.43994 17.3205 7.22
0.285423 4.94367 2.45464 17.3205 7.2
0.287462 4.97898 2.4693 17.3205 7.18
0.289501 5.0143 2.48391 17.3205 7.16
0.291539 5.04961 2.49849 17.3205 7.14
0.293578 5.08492 2.51303 17.3205 7.12
0.295617 5.12023 2.52752 17.3205 7.1
0.297655 5.15554 2.54198 17.3205 7.08
0.299694 5.19086 2.55639 17.3205 7.06
0.301733 5.22617 2.57076 17.3205 7.04
0.303772 5.26148 2.5851 17.3205 7.02
0.30581 5.29679 2.59939 17.3205 7
0.307849 5.3321 2.61364 17.3205 6.98
0.309888 5.36742 2.62785 17.3205 6.96
0.311927 5.40273 2.64202 17.3205 6.94
0.313965 5.43804 2.65615 17.3205 6.92
0.316004 5.47335 2.67023 17.3205 6.9
0.318043 5.50866 2.68428 17.3205 6.88
0.320082 5.54398 2.69829 17.3205 6.86
0.32212 5.57929 2.71225 17.3205 6.84
0.324159 5.6146 2.72618 17.3205 6.82
0.326198 5.64991 2.74006 17.3205 6.8
0.328236 5.68522 2.7539 17.3205 6.78
0.330275 5.72053 2.76771 17.3205 6.76
0.332314 5.75585 2.78147 17.3205 6.74
0.334353 5.79116 2.79519 17.3205 6.72
0.336391 5.82647 2.80887 17.3205 6.7
0.33843 5.86178 2.82251 17.3205 6.68
0.340469 5.89709 2.83611 17.3205 6.66
0.342508 5.93241 2.84966 17.3205 6.64
0.344546 5.96772 2.86318 17.3205 6.62
0.346585 6.00303 2.87666 17.3205 6.6
0.348624 6.03834 2.89009 17.3205 6.58
0.350663 6.07365 2.90349 17.3205 6.56
0.352701 6.10897 2.91684 17.3205 6.54
0.35474 6.14428 2.93015 17.3205 6.52
0.356779 6.17959 2.94343 17.3205 6.5
0.358818 6.2149 2.95666 17.3205 6.48
0.360856 6.25021 2.96985 17.3205 6.46
0.362895 6.28553 2.983 17.3205 6.44
0.364934 6.32084 2.99611 17.3205 6.42
0.366972 6.35615 3.00917 17.3205 6.4
0.369011 6.39146 3.0222 17.3205 6.38
0.37105 6.42677 3.03519 17.3205 6.36
0.373089 6.46209 3.04813 17.3205 6.34
0.375127 6.4974 3.06104 17.3205 6.32
0.377166 6.53271 3.0739 17.3205 6.3
0.379205 6.56802 3.08673 17.3205 6.28
0.381244 6.60333 3.09951 17.3205 6.26
0.383282 6.63865 3.11225 17.3205 6.24
0.385321 6.67396 3.12495 17.3205 6.22
0.38736 6.70927 3.13761 17.3205 6.2
0.389399 6.74458 3.15023 17.3205 6.18
0.391437 6.77989 3.16281 17.3205 6.16
0.393476 6.81521 3.17535 17.3205 6.14
0.395515 6.85052 3.18785 17.3205 6.12
0.397554 6.88583 3.20031 17.3205 6.1
0.399592 6.92114 3.21272 17.3205 6.08
0.401631 6.95645 3.2251 17.3205 6.06
0.40367 6.99176 3.23743 17.3205 6.04
0.405708 7.02708 3.24972 17.3205 6.02
0.407747 7.06239 3.26198 17.3205 6
0.409786 7.0977 3.27419 17.3205 5.98
0.411825 7.13301 3.28636 17.3205 5.96
0.413863 7.16832 3.29849 17.3205 5.94
0.415902 7.20364 3.31058 17.3205 5.92
0.417941 7.23895 3.32263 17.3205 5.9
0.41998 7.27426 3.33464 17.3205 5.88
0.422018 7.30957 3.34661 17.3205 5.86
0.424057 7.34488 3.35853 17.3205 5.84
0.426096 7.3802 3.37042 17.3205 5.82
0.428135 7.41551 3.38226 17.3205 5.8
0.430173 7.45082 3.39407 17.3205 5.78
0.432212 7.48613 3.40583 17.3205 5.76
0.434251 7.52144 3.41755 17.3205 5.74
0.43629 7.55676 3.42924 17.3205 5.72
0.438328 7.59207 3.44088 17.3205 5.7
0.440367 7.62738 3.45248 17.3205 5.68
0.442406 7.66269 3.46404 17.3205 5.66
0.444444 7.698 3.47556 17.3205 5.64
0.446483 7.73332 3.48703 17.3205 5.62
0.448522 7.76863 3.49847 17.3205 5.6
0.450561 7.80394 3.50987 17.3205 5.58
0.452599 7.83925 3.52122 17.3205 5.56
0.454638 7.87456 3.53254 17.3205 5.54
0.456677 7.90988 3.54381 17.3205 5.52
0.458716 7.94519 3.55505 17.3205 5.5
0.460754 7.9805 3.56624 17.3205 5.48
0.462793 8.01581 3.57739 17.3205 5.46
0.464832 8.05112 3.5885 17.3205 5.44
0.466871 8.08643 3.59957 17.3205 5.42
0.468909 8.12175 3.6106 17.3205 5.4
0.470948 8.15706 3.62159 17.3205 5.38
0.472987 8.19237 3.63254 17.3205 5.36
0.475025 8.22768 3.64345 17.3205 5.34
0.477064 8.26299 3.65431 17.3205 5.32
0.479103 8.29831 3.66514 17.3205 5.3
0.481142 8.33362 3.67592 17.3205 5.28
0.48318 8.36893 3.68667 17.3205 5.26
0.485219 8.40424 3.69737 17.3205 5.24
0.487258 8.43955 3.70803 17.3205 5.22
0.489297 8.47487 3.71865 17.3205 5.2
0.491335 8.51018 3.72924 17.3205 5.18
0.493374 8.54549 3.73978 17.3205 5.16
0.495413 8.5808 3.75028 17.3205 5.14
0.497452 8.61611 3.76073 17.3205 5.12
0.49949 8.65143 3.77115 17.3205 5.1
0.501529 8.68674 3.78153 17.3205 5.08
0.503568 8.72205 3.79187 17.3205 5.06
0.505607 8.75736 3.80216 17.3205 5.04
0.507645 8.79267 3.81242 17.3205 5.02
0.509684 8.82799 3.82263 17.3205 5
0.511723 8.8633 3.8328 17.3205 4.98
0.513761 8.89861 3.84294 17.3205 4.96
0.5158 8.93392 3.85303 17.3205 4.94
0.517839 8.96923 3.86308 17.3205 4.92
0.519878 9.00455 3.87309 17.3205 4.9
0.521916 9.03986 3.88306 17.3205 4.88
0.523955 9.07517 3.89299 17.3205 4.86
0.525994 9.11048 3.90287 17.3205 4.84
0.528033 9.14579 3.91272 17.3205 4.82
0.530071 9.18111 3.92253 17.3205 4.8
0.53211 9.21642 3.93229 17.3205 4.78
0.534149 9.25173 3.94202 17.3205 4.76
0.536188 9.28704 3.9517 17.3205 4.74
0.538226 9.32235 3.96135 17.3205 4.72
0.540265 9.35766 3.97095 17.3205 4.7
0.542304 9.39298 3.98051 17.3205 4.68
0.544343 9.42829 3.99003 17.3205 4.66
0.546381 9.4636 3.99951 17.3205 4.64
0.54842 9.49891 4.00895 17.3205 4.62
0.550459 9.53422 4.01835 17.3205 4.6
0.552497 9.56954 4.02771 17.3205 4.58
0.554536 9.60485 4.03702 17.3205 4.56
0.556575 9.64016 4.0463 17.3205 4.54
0.558614 9.67547 4.05554 17.3205 4.52
0.560652 9.71078 4.06473 17.3205 4.5
0.562691 9.7461 4.07388 17.3205 4.48
0.56473 9.78141 4.083 17.3205 4.46
0.566769 9.81672 4.09207 17.3205 4.44
0.568807 9.85203 4.1011 17.3205 4.42
0.570846 9.88734 4.11009 17.3205 4.4
0.572885 9.92266 4.11904 17.3205 4.38
0.574924 9.95797 4.12795 17.3205 4.36
0.576962 9.99328 4.13682 17.3205 4.34
0.579001 10.0286 4.14565 17.3205 4.32
0.58104 10.0639 4.15443 17.3205 4.3
0.583078 10.0992 4.16318 17.3205 4.28
0.585117 10.1345 4.17189 17.3205 4.26
0.587156 10.1698 4.18055 17.3205 4.24
0.589195 10.2052 4.18917 17.3205 4.22
0.591233 10.2405 4.19776 17.3205 4.2
0.593272 10.2758 4.2063 17.3205 4.18
0.595311 10.3111 4.2148 17.3205 4.16
0.59735 10.3464 4.22326 17.3205 4.14
0.599388 10.3817 4.23168 17.3205 4.12
0.601427 10.417 4.24006 17.3205 4.1
0.603466 10.4523 4.2484 17.3205 4.08
0.605505 10.4876 4.2567 17.3205 4.06
0.607543 10.523 4.26495 17.3205 4.04
0.609582 10.5583 4.27317 17.3205 4.02
0.611621 10.5936 4.28135 17.3205 4
0.61366 10.6289 4.28948 17.3205 3.98
0.615698 10.6642 4.29757 17.3205 3.96
0.617737 10.6995 4.30563 17.3205 3.94
0.619776 10.7348 4.31364 17.3205 3.92
0.621814 10.7701 4.32161 17.3205 3.9
0.623853 10.8055 4.32954 17.3205 3.88
0.625892 10.8408 4.33743 17.3205 3.86
0.627931 10.8761 4.34528 17.3205 3.84
0.629969 10.9114 4.35309 17.3205 3.82
0.632008 10.9467 4.36086 17.3205 3.8
0.634047 10.982 4.36858 17.3205 3.78
0.636086 11.0173 4.37627 17.3205 3.76
0.638124 11.0526 4.38391 17.3205 3.74
0.640163 11.088 4.39152 17.3205 3.72
0.642202 11.1233 4.39908 17.3205 3.7
0.644241 11.1586 4.40661 17.3205 3.68
0.646279 11.1939 4.41409 17.3205 3.66
0.648318 11.2292 4.42153 17.3205 3.64
0.650357 11.2645 4.42893 17.3205 3.62
0.652396 11.2998 4.43629 17.3205 3.6
0.654434 11.3351 4.44361 17.3205 3.58
0.656473 11.3704 4.45089 17.3205 3.56
0.658512 11.4058 4.45812 17.3205 3.54
0.66055 11.4411 4.46532 17.3205 3.52
0.662589 11.4764 4.47248 17.3205 3.5
0.664628 11.5117 4.47959 17.3205 3.48
0.666667 11.547 4.48667 17.3205 3.46
0.668705 11.5823 4.4937 17.3205 3.44
0.670744 11.6176 4.50069 17.3205 3.42
0.672783 11.6529 4.50765 17.3205 3.4
0.674822 11.6883 4.51456 17.3205 3.38
0.67686 11.7236 4.52143 17.3205 3.36
0.678899 11.7589 4.52826 17.3205 3.34
0.680938 11.7942 4.53505 17.3205 3.32
0.682977 11.8295 4.54179 17.3205 3.3
0.685015 11.8648 4.5485 17.3205 3.28
0.687054 11.9001 4.55517 17.3205 3.26
0.689093 11.9354 4.56179 17.3205 3.24
0.691131 11.9707 4.56838 17.3205 3.22
0.69317 12.0061 4.57492 17.3205 3.2
0.695209 12.0414 4.58143 17.3205 3.18
0.697248 12.0767 4.58789 17.3205 3.16
0.699286 12.112 4.59431 17.3205 3.14
0.701325 12.1473 4.60069 17.3205 3.12
0.703364 12.1826 4.60703 17.3205 3.1
0.705403 12.2179 4.61333 17.3205 3.08
0.707441 12.2532 4.61959 17.3205 3.06
0.70948 12.2886 4.62581 17.3205 3.04
0.711519 12.3239 4.63199 17.3205 3.02
0.713558 12.3592 4.63812 17.3205 3
0.715596 12.3945 4.64422 17.3205 2.98
0.717635 12.4298 4.65028 17.3205 2.96
0.719674 12.4651 4.65629 17.3205 2.94
0.721713 12.5004 4.66226 17.3205 2.92
0.723751 12.5357 4.6682 17.3205 2.9
0.72579 12.5711 4.67409 17.3205 2.88
0.727829 12.6064 4.67994 17.3205 2.86
0.729867 12.6417 4.68575 17.3205 2.84
0.731906 12.677 4.69152 17.3205 2.82
0.733945 12.7123 4.69725 17.3205 2.8
0.735984 12.7476 4.70294 17.3205 2.78
0.738022 12.7829 4.70858 17.3205 2.76
0.740061 12.8182 4.71419 17.3205 2.74
0.7421 12.8535 4.71976 17.3205 2.72
0.744139 12.8889 4.72528 17.3205 2.7
0.746177 12.9242 4.73076 17.3205 2.68
0.748216 12.9595 4.73621 17.3205 2.66
0.750255 12.9948 4.74161 17.3205 2.64
0.752294 13.0301 4.74697 17.3205 2.62
0.754332 13.0654 4.75229 17.3205 2.6
0.756371 13.1007 4.75757 17.3205 2.58
0.75841 13.136 4.76281 17.3205 2.56
0.760449 13.1714 4.76801 17.3205 2.54
0.762487 13.2067 4.77317 17.3205 2.52
0.764526 13.242 4.77829 17.3205 2.5
0.766565 13.2773 4.78336 17.3205 2.48
0.768603 13.3126 4.7884 17.3205 2.46
0.770642 13.3479 4.79339 17.3205 2.44
0.772681 13.3832 4.79835 17.3205 2.42
0.77472 13.4185 4.80326 17.3205 2.4
0.776758 13.4539 4.80813 17.3205 2.38
0.778797 13.4892 4.81297 17.3205 2.36
0.780836 13.5245 4.81776 17.3205 2.34
0.782875 13.5598 4.82251 17.3205 2.32
0.784913 13.5951 4.82722 17.3205 2.3
0.786952 13.6304 4.83189 17.3205 2.28
0.788991 13.6657 4.83651 17.3205 2.26
0.79103 13.701 4.8411 17.3205 2.24
0.793068 13.7363 4.84565 17.3205 2.22
0.795107 13.7717 4.85015 17.3205 2.2
0.797146 13.807 4.85462 17.3205 2.18
0.799185 13.8423 4.85904 17.3205 2.16
0.801223 13.8776 4.86343 17.3205 2.14
0.803262 13.9129 4.86777 17.3205 2.12
0.805301 13.9482 4.87207 17.3205 2.1
0.807339 13.9835 4.87633 17.3205 2.08
0.809378 14.0188 4.88055 17.3205 2.06
0.811417 14.0542 4.88473 17.3205 2.04
0.813456 14.0895 4.88887 17.3205 2.02
0.815494 14.1248 4.89297 17.3205 2
0.817533 14.1601 4.89702 17.3205 1.98
0.819572 14.1954 4.90104 17.3205 1.96
0.821611 14.2307 4.90502 17.3205 1.94
0.823649 14.266 4.90895 17.3205 1.92
0.825688 14.3013 4.91284 17.3205 1.9
0.827727 14.3366 4.9167 17.3205 1.88
0.829766 14.372 4.92051 17.3205 1.86
0.831804 14.4073 4.92428 17.3205 1.84
0.833843 14.4426 4.92801 17.3205 1.82
0.835882 14.4779 4.9317 17.3205 1.8
0.83792 14.5132 4.93535 17.3205 1.78
0.839959 14.5485 4.93896 17.3205 1.76
0.841998 14.5838 4.94253 17.3205 1.74
0.844037 14.6191 4.94606 17.3205 1.72
0.846075 14.6545 4.94954 17.3205 1.7
0.848114 14.6898 4.95299 17.3205 1.68
0.850153 14.7251 4.95639 17.3205 1.66
0.852192 14.7604 4.95976 17.3205 1.64
0.85423 14.7957 4.96308 17.3205 1.62
0.856269 14.831 4.96636 17.3205 1.6
0.858308 14.8663 4.9696 17.3205 1.58
0.860347 14.9016 4.9728 17.3205 1.56
0.862385 14.937 4.97596 17.3205 1.54
0.864424 14.9723 4.97908 17.3205 1.52
0.866463 15.0076 4.98216 17.3205 1.5
0.868502 15.0429 4.9852 17.3205 1.48
0.87054 15.0782 4.9882 17.3205 1.46
0.872579 15.1135 4.99115 17.3205 1.44
0.874618 15.1488 4.99407 17.3205 1.42
0.876656 15.1841 4.99694 17.3205 1.4
0.878695 15.2194 4.99978 17.3205 1.38
0.880734 15.2548 5.00257 17.3205 1.36
0.882773 15.2901 5.00532 17.3205 1.34
0.884811 15.3254 5.00803 17.3205 1.32
0.88685 15.3607 5.0107 17.3205 1.3
0.888889 15.396 5.01333 17.3205 1.28
0.890928 15.4313 5.01592 17.3205 1.26
0.892966 15.4666 5.01847 17.3205 1.24
0.895005 15.5019 5.02098 17.3205 1.22
0.897044 15.5373 5.02345 17.3205 1.2
0.899083 15.5726 5.02587 17.3205 1.18
0.901121 15.6079 5.02826 17.3205 1.16
0.90316 15.6432 5.0306 17.3205 1.14
0.905199 15.6785 5.03291 17.3205 1.12
0.907238 15.7138 5.03517 17.3205 1.1
0.909276 15.7491 5.03739 17.3205 1.08
0.911315 15.7844 5.03957 17.3205 1.06
0.913354 15.8198 5.04171 17.3205 1.04
0.915392 15.8551 5.04381 17.3205 1.02
0.917431 15.8904 5.04587 17.3205 1
0.91947 15.9257 5.04789 17.3205 0.98
0.921509 15.961 5.04987 17.3205 0.96
0.923547 15.9963 5.0518 17.3205 0.94
0.925586 16.0316 5.0537 17.3205 0.92
0.927625 16.0669 5.05556 17.3205 0.9
0.929664 16.1022 5.05737 17.3205 0.88
0.931702 16.1376 5.05914 17.3205 0.86
0.933741 16.1729 5.06088 17.3205 0.84
0.93578 16.2082 5.06257 17.3205 0.82
0.937819 16.2435 5.06422 17.3205 0.8
0.939857 16.2788 5.06583 17.3205 0.78
0.941896 16.3141 5.0674 17.3205 0.76
0.943935 16.3494 5.06893 17.3205 0.74
0.945973 16.3847 5.07042 17.3205 0.72
0.948012 16.4201 5.07187 17.3205 0.7
0.950051 16.4554 5.07327 17.3205 0.68
0.95209 16.4907 5.07464 17.3205 0.66
0.954128 16.526 5.07596 17.3205 0.64
0.956167 16.5613 5.07725 17.3205 0.62
0.958206 16.5966 5.07849 17.3205 0.6
0.960245 16.6319 5.07969 17.3205 0.58
0.962283 16.6672 5.08086 17.3205 0.56
0.964322 16.7025 5.08198 17.3205 0.54
0.966361 16.7379 5.08306 17.3205 0.52
0.9684 16.7732 5.0841 17.3205 0.5
0.970438 16.8085 5.0851 17.3205 0.48
0.972477 16.8438 5.08606 17.3205 0.46
0.974516 16.8791 5.08697 17.3205 0.44
0.976555 16.9144 5.08785 17.3205 0.42
0.978593 16.9497 5.08869 17.3205 0.4
0.980632 16.985 5.08948 17.3205 0.38
0.982671 17.0204 5.09023 17.3205 0.36
0.984709 17.0557 5.09095 17.3205 0.34
0.986748 17.091 5.09162 17.3205 0.32
0.988787 17.1263 5.09225 17.3205 0.3
0.990826 17.1616 5.09284 17.3205 0.28
0.992864 17.1969 5.09339 17.3205 0.26
0.994903 17.2322 5.0939 17.3205 0.24
0.996942 17.2675 5.09437 17.3205 0.22
0.998981 17.3029 5.0948 17.3205 0.2
1.00102 17.3382 5.09519 17.3205 0.18
1.00306 17.3735 5.09554 17.3205 0.16
1.0051 17.4088 5.09584 17.3205 0.14
1.00714 17.4441 5.09611 17.3205 0.12
1.00917 17.4794 5.09633 17.3205 0.1
1.01121 17.5147 5.09651 17.3205 0.08
1.01325 17.55 5.09666 17.3205 0.06
1.01529 17.5853 5.09676 17.3205 0.04
1.01733 17.6207 5.09682 17.3205 0.02
1.01937 17.656 5.09684 17.3205 1.22923e-13
1.02141 17.6913 5.09682 17.3205 -0.02
1.02345 17.7266 5.09676 17.3205 -0.04
1.02548 17.7619 5.09666 17.3205 -0.06
1.02752 17.7972 5.09651 17.3205 -0.08
1.02956 17.8325 5.09633 17.3205 -0.1
1.0316 17.8678 5.09611 17.3205 -0.12
1.03364 17.9032 5.09584 17.3205 -0.14
1.03568 17.9385 5.09554 17.3205 -0.16
1.03772 17.9738 5.09519 17.3205 -0.18
1.03976 18.0091 5.0948 17.3205 -0.2
1.04179 18.0444 5.09437 17.3205 -0.22
1.04383 18.0797 5.0939 17.3205 -0.24
1.04587 18.115 5.09339 17.3205 -0.26
1.04791 18.1503 5.09284 17.3205 -0.28
1.04995 18.1857 5.09225 17.3205 -0.3
1.05199 18.221 5.09162 17.3205 -0.32
1.05403 18.2563 5.09095 17.3205 -0.34
1.05607 18.2916 5.09023 17.3205 -0.36
1.0581 18.3269 5.08948 17.3205 -0.38
1.06014 18.3622 5.08869 17.3205 -0.4
1.06218 18.3975 5.08785 17.3205 -0.42
1.06422 18.4328 5.08697 17.3205 -0.44
1.06626 18.4681 5.08606 17.3205 -0.46
1.0683 18.5035 5.0851 17.3205 -0.48
1.07034 18.5388 5.0841 17.3205 -0.5
1.07238 18.5741 5.08306 17.3205 -0.52
1.07441 18.6094 5.08198 17.3205 -0.54
1.07645 18.6447 5.08086 17.3205 -0.56
1.07849 18.68 5.07969 17.3205 -0.58
1.08053 18.7153 5.07849 17.3205 -0.6
1.08257 18.7506 5.07725 17.3205 -0.62
1.08461 18.786 5.07596 17.3205 -0.64
1.08665 18.8213 5.07464 17.3205 -0.66
1.08869 18.8566 5.07327 17.3205 -0.68
1.09072 18.8919 5.07187 17.3205 -0.7
1.09276 18.9272 5.07042 17.3205 -0.72
1.0948 18.9625 5.06893 17.3205 -0.74
1.09684 18.9978 5.0674 17.3205 -0.76
1.09888 19.0331 5.06583 17.3205 -0.78
1.10092 19.0684 5.06422 17.3205 -0.8
1.10296 19.1038 5.06257 17.3205 -0.82
1.10499 19.1391 5.06088 17.3205 -0.84
1.10703 19.1744 5.05914 17.3205 -0.86
1.10907 19.2097 5.05737 17.3205 -0.88
1.11111 19.245 5.05556 17.3205 -0.9
1.11315 19.2803 5.0537 17.3205 -0.92
1.11519 19.3156 5.0518 17.3205 -0.94
1.11723 19.3509 5.04987 17.3205 -0.96
1.11927 19.3863 5.04789 17.3205 -0.98
1.1213 19.4216 5.04587 17.3205 -1
1.12334 19.4569 5.04381 17.3205 -1.02
1.12538 19.4922 5.04171 17.3205 -1.04
1.12742 19.5275 5.03957 17.3205 -1.06
1.12946 19.5628 5.03739 17.3205 -1.08
1.1315 19.5981 5.03517 17.3205 -1.1
1.13354 19.6334 5.03291 17.3205 -1.12
1.13558 19.6688 5.0306 17.3205 -1.14
1.13761 19.7041 5.02826 17.3205 -1.16
1.13965 19.7394 5.02587 17.3205 -1.18
1.14169 19.7747 5.02345 17.3205 -1.2
1.14373 19.81 5.02098 17.3205 -1.22
1.14577 19.8453 5.01847 17.3205 -1.24
1.14781 19.8806 5.01592 17.3205 -1.26
1.14985 19.9159 5.01333 17.3205 -1.28
1.15189 19.9512 5.0107 17.3205 -1.3
1.15392 19.9866 5.00803 17.3205 -1.32
1.15596 20.0219 5.00532 17.3205 -1.34
1.158 20.0572 5.00257 17.3205 -1.36
1.16004 20.0925 4.99978 17.3205 -1.38
1.16208 20.1278 4.99694 17.3205 -1.4
1.16412 20.1631 4.99407 17.3205 -1.42
1.16616 20.1984 4.99115 17.3205 -1.44
1.1682 20.2337 4.9882 17.3205 -1.46
1.17023 20.2691 4.9852 17.3205 -1.48
1.17227 20.3044 4.98216 17.3205 -1.5
1.17431 20.3397 4.97908 17.3205 -1.52
1.17635 20.375 4.97596 17.3205 -1.54
1.17839 20.4103 4.9728 17.3205 -1.56
1.18043 20.4456 4.9696 17.3205 -1.58
1.18247 20.4809 4.96636 17.3205 -1.6
1.18451 20.5162 4.96308 17.3205 -1.62
1.18654 20.5516 4.95976 17.3205 -1.64
1.18858 20.5869 4.95639 17.3205 -1.66
1.19062 20.6222 4.95299 17.3205 -1.68
1.19266 20.6575 4.94954 17.3205 -1.7
1.1947 20.6928 4.94606 17.3205 -1.72
1.19674 20.7281 4.94253 17.3205 -1.74
1.19878 20.7634 4.93896 17.3205 -1.76
1.20082 20.7987 4.93535 17.3205 -1.78
1.20285 20.834 4.9317 17.3205 -1.8
1.20489 20.8694 4.92801 17.3205 -1.82
1.20693 20.9047 4.92428 17.3205 -1.84
1.20897 20.94 4.92051 17.3205 -1.86
1.21101 20.9753 4.9167 17.3205 -1.88
1.21305 21.0106 4.91284 17.3205 -1.9
1.21509 21.0459 4.90895 17.3205 -1.92
1.21713 21.0812 4.90502 17.3205 -1.94
1.21916 21.1165 4.90104 17.3205 -1.96
1.2212 21.1519 4.89702 17.3205 -1.98
1.22324 21.1872 4.89297 17.3205 -2
1.22528 21.2225 4.88887 17.3205 -2.02
1.22732 21.2578 4.88473 17.3205 -2.04
1.22936 21.2931 4.88055 17.3205 -2.06
1.2314 21.3284 4.87633 17.3205 -2.08
1.23344 21.3637 4.87207 17.3205 -2.1
1.23547 21.399 4.86777 17.3205 -2.12
1.23751 21.4343 4.86343 17.3205 -2.14
1.23955 21.4697 4.85904 17.3205 -2.16
1.24159 21.505 4.85462 17.3205 -2.18
1.24363 21.5403 4.85015 17.3205 -2.2
1.24567 21.5756 4.84565 17.3205 -2.22
1.24771 21.6109 4.8411 17.3205 -2.24
1.24975 21.6462 4.83651 17.3205 -2.26
1.25178 21.6815 4.83189 17.3205 -2.28
1.25382 21.7168 4.82722 17.3205 -2.3
1.25586 21.7522 4.82251 17.3205 -2.32
1.2579 21.7875 4.81776 17.3205 -2.34
1.25994 21.8228 4.81297 17.3205 -2.36
1.26198 21.8581 4.80813 17.3205 -2.38
1.26402 21.8934 4.80326 17.3205 -2.4
1.26606 21.9287 4.79835 17.3205 -2.42
1.26809 21.964 4.79339 17.3205 -2.44
1.27013 21.9993 4.7884 17.3205 -2.46
1.27217 22.0347 4.78336 17.3205 -2.48
1.27421 22.07 4.77829 17.3205 -2.5
1.27625 22.1053 4.77317 17.3205 -2.52
1.27829 22.1406 4.76801 17.3205 -2.54
1.28033 22.1759 4.76281 17.3205 -2.56
1.28236 22.2112 4.75757 17.3205 -2.58
1.2844 22.2465 4.75229 17.3205 -2.6
1.28644 22.2818 4.74697 17.3205 -2.62
1.28848 22.3171 4.74161 17.3205 -2.64
1.29052 22.3525 4.73621 17.3205 -2.66
1.29256 22.3878 4.73076 17.3205 -2.68
1.2946 22.4231 4.72528 17.3205 -2.7
1.29664 22.4584 4.71976 17.3205 -2.72
1.29867 22.4937 4.71419 17.3205 -2.74
1.30071 22.529 4.70858 17.3205 -2.76
1.30275 22.5643 4.70294 17.3205 -2.78
1.30479 22.5996 4.69725 17.3205 -2.8
1.30683 22.635 4.69152 17.3205 -2.82
1.30887 22.6703 4.68575 17.3205 -2.84
1.31091 22.7056 4.67994 17.3205 -2.86
1.31295 22.7409 4.67409 17.3205 -2.88
1.31498 22.7762 4.6682 17.3205 -2.9
1.31702 22.8115 4.66226 17.3205 -2.92
1.31906 22.8468 4.65629 17.3205 -2.94
1.3211 22.8821 4.65028 17.3205 -2.96
1.32314 22.9175 4.64422 17.3205 -2.98
1.32518 22.9528 4.63812 17.3205 -3
1.32722 22.9881 4.63199 17.3205 -3.02
1.32926 23.0234 4.62581 17.3205 -3.04
1.33129 23.0587 4.61959 17.3205 -3.06
1.33333 23.094 4.61333 17.3205 -3.08
1.33537 23.1293 4.60703 17.3205 -3.1
1.33741 23.1646 4.60069 17.3205 -3.12
1.33945 23.1999 4.59431 17.3205 -3.14
1.34149 23.2353 4.58789 17.3205 -3.16
1.34353 23.2706 4.58143 17.3205 -3.18
1.34557 23.3059 4.57492 17.3205 -3.2
1.3476 23.3412 4.56838 17.3205 -3.22
1.34964 23.3765 4.56179 17.3205 -3.24
1.35168 23.4118 4.55517 17.3205 -3.26
1.35372 23.4471 4.5485 17.3205 -3.28
1.35576 23.4824 4.54179 17.3205 -3.3
1.3578 23.5178 4.53505 17.3205 -3.32
1.35984 23.5531 4.52826 17.3205 -3.34
1.36188 23.5884 4.52143 17.3205 -3.36
1.36391 23.6237 4.51456 17.3205 -3.38
1.36595 23.659 4.50765 17.3205 -3.4
1.36799 23.6943 4.50069 17.3205 -3.42
1.37003 23.7296 4.4937 17.3205 -3.44
1.37207 23.7649 4.48667 17.3205 -3.46
1.37411 23.8002 4.47959 17.3205 -3.48
1.37615 23.8356 4.47248 17.3205 -3.5
1.37819 23.8709 4.46532 17.3205 -3.52
1.38022 23.9062 4.45812 17.3205 -3.54
1.38226 23.9415 4.45089 17.3205 -3.56
1.3843 23.9768 4.44361 17.3205 -3.58
1.38634 24.0121 4.43629 17.3205 -3.6
1.38838 24.0474 4.42893 17.3205 -3.62
1.39042 24.0827 4.42153 17.3205 -3.64
1.39246 24.1181 4.41409 17.3205 -3.66
1.3945 24.1534 4.40661 17.3205 -3.68
1.39653 24.1887 4.39908 17.3205 -3.7
1.39857 24.224 4.39152 17.3205 -3.72
1.40061 24.2593 4.38391 17.3205 -3.74
1.40265 24.2946 4.37627 17.3205 -3.76
1.40469 24.3299 4.36858 17.3205 -3.78
1.40673 24.3652 4.36086 17.3205 -3.8
1.40877 24.4006 4.35309 17.3205 -3.82
1.41081 24.4359 4.34528 17.3205 -3.84
1.41284 24.4712 4.33743 17.3205 -3.86
1.41488 24.5065 4.32954 17.3205 -3.88
1.41692 24.5418 4.32161 17.3205 -3.9
1.41896 24.5771 4.31364 17.3205 -3.92
1.421 24.6124 4.30563 17.3205 -3.94
1.42304 24.6477 4.29757 17.3205 -3.96
1.42508 24.683 4.28948 17.3205 -3.98
1.42712 24.7184 4.28135 17.3205 -4
1.42915 24.7537 4.27317 17.3205 -4.02
1.43119 24.789 4.26495 17.3205 -4.04
1.43323 24.8243 4.2567 17.3205 -4.06
1.43527 24.8596 4.2484 17.3205 -4.08
1.43731 24.8949 4.24006 17.3205 -4.1
1.43935 24.9302 4.23168 17.3205 -4.12
1.44139 24.9655 4.22326 17.3205 -4.14
1.44343 25.0009 4.2148 17.3205 -4.16
1.44546 25.0362 4.2063 17.3205 -4.18
1.4475 25.0715 4.19776 17.3205 -4.2
1.44954 25.1068 4.18917 17.3205 -4.22
1.45158 25.1421 4.18055 17.3205 -4.24
1.45362 25.1774 4.17189 17.3205 -4.26
1.45566 25.2127 4.16318 17.3205 -4.28
1.4577 25.248 4.15443 17.3205 -4.3
1.45973 25.2834 4.14565 17.3205 -4.32
1.46177 25.3187 4.13682 17.3205 -4.34
1.46381 25.354 4.12795 17.3205 -4.36
1.46585 25.3893 4.11904 17.3205 -4.38
1.46789 25.4246 4.11009 17.3205 -4.4
1.46993 25.4599 4.1011 17.3205 -4.42
1.47197 25.4952 4.09207 17.3205 -4.44
1.47401 25.5305 4.083 17.3205 -4.46
1.47604 25.5658 4.07388 17.3205 -4.48
1.47808 25.6012 4.06473 17.3205 -4.5
1.48012 25.6365 4.05554 17.3205 -4.52
1.48216 25.6718 4.0463 17.3205 -4.54
1.4842 25.7071 4.03702 17.3205 -4.56
1.48624 25.7424 4.02771 17.3205 -4.58
1.48828 25.7777 4.01835 17.3205 -4.6
1.49032 25.813 4.00895 17.3205 -4.62
1.49235 25.8483 3.99951 17.3205 -4.64
1.49439 25.8837 3.99003 17.3205 -4.66
1.49643 25.919 3.98051 17.3205 -4.68
1.49847 25.9543 3.97095 17.3205 -4.7
1.50051 25.9896 3.96135 17.3205 -4.72
1.50255 26.0249 3.9517 17.3205 -4.74
1.50459 26.0602 3.94202 17.3205 -4.76
1.50663 26.0955 3.93229 17.3205 -4.78
1.50866 26.1308 3.92253 17.3205 -4.8
1.5107 26.1661 3.91272 17.3205 -4.82
1.51274 26.2015 3.90287 17.3205 -4.84
1.51478 26.2368 3.89299 17.3205 -4.86
1.51682 26.2721 3.88306 17.3205 -4.88
1.51886 26.3074 3.87309 17.3205 -4.9
1.5209 26.3427 3.86308 17.3205 -4.92
1.52294 26.378 3.85303 17.3205 -4.94
1.52497 26.4133 3.84294 17.3205 -4.96
1.52701 26.4486 3.8328 17.3205 -4.98
1.52905 26.484 3.82263 17.3205 -5
1.53109 26.5193 3.81242 17.3205 -5.02
1.53313 26.5546 3.80216 17.3205 -5.04
1.53517 26.5899 3.79187 17.3205 -5.06
1.53721 26.6252 3.78153 17.3205 -5.08
1.53925 26.6605 3.77115 17.3205 -5.1
1.54128 26.6958 3.76073 17.3205 -5.12
1.54332 26.7311 3.75028 17.3205 -5.14
1.54536 26.7665 3.73978 17.3205 -5.16
1.5474 26.8018 3.72924 17.3205 -5.18
1.54944 26.8371 3.71865 17.3205 -5.2
1.55148 26.8724 3.70803 17.3205 -5.22
1.55352 26.9077 3.69737 17.3205 -5.24
1.55556 26.943 3.68667 17.3205 -5.26
1.55759 26.9783 3.67592 17.3205 -5.28
1.55963 27.0136 3.66514 17.3205 -5.3
1.56167 27.0489 3.65431 17.3205 -5.32
1.56371 27.0843 3.64345 17.3205 -5.34
1.56575 27.1196 3.63254 17.3205 -5.36
1.56779 27.1549 3.62159 17.3205 -5.38
1.56983 27.1902 3.6106 17.3205 -5.4
1.57187 27.2255 3.59957 17.3205 -5.42
1.5739 27.2608 3.5885 17.3205 -5.44
1.57594 27.2961 3.57739 17.3205 -5.46
1.57798 27.3314 3.56624 17.3205 -5.48
1.58002 27.3668 3.55505 17.3205 -5.5
1.58206 27.4021 3.54381 17.3205 -5.52
1.5841 27.4374 3.53254 17.3205 -5.54
1.58614 27.4727 3.52122 17.3205 -5.56
1.58818 27.508 3.50987 17.3205 -5.58
1.59021 27.5433 3.49847 17.3205 -5.6
1.59225 27.5786 3.48703 17.3205 -5.62
1.59429 27.6139 3.47556 17.3205 -5.64
1.59633 27.6493 3.46404 17.3205 -5.66
1.59837 27.6846 3.45248 17.3205 -5.68
1.60041 27.7199 3.44088 17.3205 -5.7
1.60245 27.7552 3.42924 17.3205 -5.72
1.60449 27.7905 3.41755 17.3205 -5.74
1.60652 27.8258 3.40583 17.3205 -5.76
1.60856 27.8611 3.39407 17.3205 -5.78
1.6106 27.8964 3.38226 17.3205 -5.8
1.61264 27.9317 3.37042 17.3205 -5.82
1.61468 27.9671 3.35853 17.3205 -5.84
1.61672 28.0024 3.34661 17.3205 -5.86
1.61876 28.0377 3.33464 17.3205 -5.88
1.6208 28.073 3.32263 17.3205 -5.9
1.62283 28.1083 3.31058 17.3205 -5.92
1.62487 28.1436 3.29849 17.3205 -5.94
1.62691 28.1789 3.28636 17.3205 -5.96
1.62895 28.2142 3.27419 17.3205 -5.98
1.63099 28.2496 3.26198 17.3205 -6
1.63303 28.2849 3.24972 17.3205 -6.02
1.63507 28.3202 3.23743 17.3205 -6.04
1.6371 28.3555 3.2251 17.3205 -6.06
1.63914 28.3908 3.21272 17.3205 -6.08
1.64118 28.4261 3.20031 17.3205 -6.1
1.64322 28.4614 3.18785 17.3205 -6.12
1.64526 28.4967 3.17535 17.3205 -6.14
1.6473 28.5321 3.16281 17.3205 -6.16
1.64934 28.5674 3.15023 17.3205 -6.18
1.65138 28.6027 3.13761 17.3205 -6.2
1.65341 28.638 3.12495 17.3205 -6.22
1.65545 28.6733 3.11225 17.3205 -6.24
1.65749 28.7086 3.09951 17.3205 -6.26
1.65953 28.7439 3.08673 17.3205 -6.28
1.66157 28.7792 3.0739 17.3205 -6.3
1.66361 28.8145 3.06104 17.3205 -6.32
1.66565 28.8499 3.04813 17.3205 -6.34
1.66769 28.8852 3.03519 17.3205 -6.36
1.66972 28.9205 3.0222 17.3205 -6.38
1.67176 28.9558 3.00917 17.3205 -6.4
1.6738 28.9911 2.99611 17.3205 -6.42
1.67584 29.0264 2.983 17.3205 -6.44
1.67788 29.0617 2.96985 17.3205 -6.46
1.67992 29.097 2.95666 17.3205 -6.48
1.68196 29.1324 2.94343 17.3205 -6.5
1.684 29.1677 2.93015 17.3205 -6.52
1.68603 29.203 2.91684 17.3205 -6.54
1.68807 29.2383 2.90349 17.3205 -6.56
1.69011 29.2736 2.89009 17.3205 -6.58
1.69215 29.3089 2.87666 17.3205 -6.6
1.69419 29.3442 2.86318 17.3205 -6.62
1.69623 29.3795 2.84966 17.3205 -6.64
1.69827 29.4148 2.83611 17.3205 -6.66
1.70031 29.4502 2.82251 17.3205 -6.68
1.70234 29.4855 2.80887 17.3205 -6.7
1.70438 29.5208 2.79519 17.3205 -6.72
1.70642 29.5561 2.78147 17.3205 -6.74
1.70846 29.5914 2.76771 17.3205 -6.76
1.7105 29.6267 2.7539 17.3205 -6.78
1.71254 29.662 2.74006 17.3205 -6.8
1.71458 29.6973 2.72618 17.3205 -6.82
1.71662 29.7327 2.71225 17.3205 -6.84
1.71865 29.768 2.69829 17.3205 -6.86
1.72069 29.8033 2.68428 17.3205 -6.88
1.72273 29.8386 2.67023 17.3205 -6.9
1.72477 29.8739 2.65615 17.3205 -6.92
1.72681 29.9092 2.64202 17.3205 -6.94
1.72885 29.9445 2.62785 17.3205 -6.96
1.73089 29.9798 2.61364 17.3205 -6.98
1.73293 30.0152 2.59939 17.3205 -7
1.73496 30.0505 2.5851 17.3205 -7.02
1.737 30.0858 2.57076 17.3205 -7.04
1.73904 30.1211 2.55639 17.3205 -7.06
1.74108 30.1564 2.54198 17.3205 -7.08
1.74312 30.1917 2.52752 17.3205 -7.1
1.74516 30.227 2.51303 17.3205 -7.12
1.7472 30.2623 2.49849 17.3205 -7.14
1.74924 30.2976 2.48391 17.3205 -7.16
1.75127 30.333 2.4693 17.3205 -7.18
1.75331 30.3683 2.45464 17.3205 -7.2
1.75535 30.4036 2.43994 17.3205 -7.22
1.75739 30.4389 2.4252 17.3205 -7.24
1.75943 30.4742 2.41042 17.3205 -7.26
1.76147 30.5095 2.3956 17.3205 -7.28
1.76351 30.5448 2.38073 17.3205 -7.3
1.76555 30.5801 2.36583 17.3205 -7.32
1.76758 30.6155 2.35089 17.3205 -7.34
1.76962 30.6508 2.3359 17.3205 -7.36
1.77166 30.6861 2.32088 17.3205 -7.38
1.7737 30.7214 2.30581 17.3205 -7.4
1.77574 30.7567 2.2907 17.3205 -7.42
1.77778 30.792 2.27556 17.3205 -7.44
1.77982 30.8273 2.26037 17.3205 -7.46
1.78186 30.8626 2.24514 17.3205 -7.48
1.78389 30.898 2.22987 17.3205 -7.5
1.78593 30.9333 2.21456 17.3205 -7.52
1.78797 30.9686 2.1992 17.3205 -7.54
1.79001 31.0039 2.18381 17.3205 -7.56
1.79205 31.0392 2.16838 17.3205 -7.58
1.79409 31.0745 2.15291 17.3205 -7.6
1.79613 31.1098 2.13739 17.3205 -7.62
1.79817 31.1451 2.12183 17.3205 -7.64
1.8002 31.1804 2.10624 17.3205 -7.66
1.80224 31.2158 2.0906 17.3205 -7.68
1.80428 31.2511 2.07492 17.3205 -7.7
1.80632 31.2864 2.0592 17.3205 -7.72
1.80836 31.3217 2.04345 17.3205 -7.74
1.8104 31.357 2.02765 17.3205 -7.76
1.81244 31.3923 2.0118 17.3205 -7.78
1.81448 31.4276 1.99592 17.3205 -7.8
1.81651 31.4629 1.98 17.3205 -7.82
1.81855 31.4983 1.96404 17.3205 -7.84
1.82059 31.5336 1.94803 17.3205 -7.86
1.82263 31.5689 1.93199 17.3205 -7.88
1.82467 31.6042 1.9159 17.3205 -7.9
1.82671 31.6395 1.89978 17.3205 -7.92
1.82875 31.6748 1.88361 17.3205 -7.94
1.83078 31.7101 1.8674 17.3205 -7.96
1.83282 31.7454 1.85115 17.3205 -7.98
1.83486 31.7807 1.83486 17.3205 -8
1.8369 31.8161 1.81853 17.3205 -8.02
1.83894 31.8514 1.80216 17.3205 -8.04
1.84098 31.8867 1.78575 17.3205 -8.06
1.84302 31.922 1.7693 17.3205 -8.08
1.84506 31.9573 1.7528 17.3205 -8.1
1.84709 31.9926 1.73627 17.3205 -8.12
1.84913 32.0279 1.71969 17.3205 -8.14
1.85117 32.0632 1.70308 17.3205 -8.16
1.85321 32.0986 1.68642 17.3205 -8.18
1.85525 32.1339 1.66972 17.3205 -8.2
1.85729 32.1692 1.65299 17.3205 -8.22
1.85933 32.2045 1.63621 17.3205 -8.24
1.86137 32.2398 1.61939 17.3205 -8.26
1.8634 32.2751 1.60253 17.3205 -8.28
1.86544 32.3104 1.58563 17.3205 -8.3
1.86748 32.3457 1.56869 17.3205 -8.32
1.86952 32.3811 1.5517 17.3205 -8.34
1.87156 32.4164 1.53468 17.3205 -8.36
1.8736 32.4517 1.51761 17.3205 -8.38
1.87564 32.487 1.50051 17.3205 -8.4
1.87768 32.5223 1.48336 17.3205 -8.42
1.87971 32.5576 1.46618 17.3205 -8.44
1.88175 32.5929 1.44895 17.3205 -8.46
1.88379 32.6282 1.43168 17.3205 -8.48
1.88583 32.6635 1.41437 17.3205 -8.5
1.88787 32.6989 1.39702 17.3205 -8.52
1.88991 32.7342 1.37963 17.3205 -8.54
1.89195 32.7695 1.3622 17.3205 -8.56
1.89399 32.8048 1.34473 17.3205 -8.58
1.89602 32.8401 1.32722 17.3205 -8.6
1.89806 32.8754 1.30966 17.3205 -8.62
1.9001 32.9107 1.29207 17.3205 -8.64
1.90214 32.946 1.27443 17.3205 -8.66
1.90418 32.9814 1.25676 17.3205 -8.68
1.90622 33.0167 1.23904 17.3205 -8.7
1.90826 33.052 1.22128 17.3205 -8.72
1.9103 33.0873 1.20349 17.3205 -8.74
1.91233 33.1226 1.18565 17.3205 -8.76
1.91437 33.1579 1.16777 17.3205 -8.78
1.91641 33.1932 1.14985 17.3205 -8.8
1.91845 33.2285 1.13189 17.3205 -8.82
1.92049 33.2639 1.11388 17.3205 -8.84
1.92253 33.2992 1.09584 17.3205 -8.86
1.92457 33.3345 1.07776 17.3205 -8.88
1.92661 33.3698 1.05963 17.3205 -8.9
1.92864 33.4051 1.04147 17.3205 -8.92
1.93068 33.4404 1.02326 17.3205 -8.94
1.93272 33.4757 1.00502 17.3205 -8.96
1.93476 33.511 0.986728 17.3205 -8.98
1.9368 33.5463 0.9684 17.3205 -9
1.93884 33.5817 0.950031 17.3205 -9.02
1.94088 33.617 0.931621 17.3205 -9.04
1.94292 33.6523 0.91317 17.3205 -9.06
1.94495 33.6876 0.894679 17.3205 -9.08
1.94699 33.7229 0.876147 17.3205 -9.1
1.94903 33.7582 0.857574 17.3205 -9.12
1.95107 33.7935 0.83896 17.3205 -9.14
1.95311 33.8288 0.820306 17.3205 -9.16
1.95515 33.8642 0.801611 17.3205 -9.18
1.95719 33.8995 0.782875 17.3205 -9.2
1.95923 33.9348 0.764098 17.3205 -9.22
1.96126 33.9701 0.74528 17.3205 -9.24
1.9633 34.0054 0.726422 17.3205 -9.26
1.96534 34.0407 0.707523 17.3205 -9.28
1.96738 34.076 0.688583 17.3205 -9.3
1.96942 34.1113 0.669602 17.3205 -9.32
1.97146 34.1466 0.650581 17.3205 -9.34
1.9735 34.182 0.631519 17.3205 -9.36
1.97554 34.2173 0.612416 17.3205 -9.38
1.97757 34.2526 0.593272 17.3205 -9.4
1.97961 34.2879 0.574088 17.3205 -9.42
1.98165 34.3232 0.554862 17.3205 -9.44
1.98369 34.3585 0.535596 17.3205 -9.46
1.98573 34.3938 0.51629 17.3205 -9.48
1.98777 34.4291 0.496942 17.3205 -9.5
1.98981 34.4645 0.477554 17.3205 -9.52
1.99185 34.4998 0.458124 17.3205 -9.54
1.99388 34.5351 0.438654 17.3205 -9.56
1.99592 34.5704 0.419144 17.3205 -9.58
1.99796 34.6057 0.399592 17.3205 -9.6
2 34.641 0.38 17.3205 -9.62
2.00204 34.6763 0.360367 17.3205 -9.64
2.00408 34.7116 0.340693 17.3205 -9.66
2.00612 34.747 0.320979 17.3205 -9.68
2.00815 34.7823 0.301223 17.3205 -9.7
2.01019 34.8176 0.281427 17.3205 -9.72
2.01223 34.8529 0.26159 17.3205 -9.74
2.01427 34.8882 0.241713 17.3205 -9.76
2.01631 34.9235 0.221794 17.3205 -9.78
2.01835 34.9588 0.201835 17.3205 -9.8
2.02039 34.9941 0.181835 17.3205 -9.82
2.02243 35.0294 0.161794 17.3205 -9.84
2.02446 35.0648 0.141713 17.3205 -9.86
2.0265 35.1001 0.12159 17.3205 -9.88
2.02854 35.1354 0.101427 17.3205 -9.9
2.03058 35.1707 0.0812232 17.3205 -9.92
2.03262 35.206 0.0609786 17.3205 -9.94
2.03466 35.2413 0.0406932 17.3205 -9.96
2.0367 35.2766 0.020367 17.3205 -9.98
2.03874 35.3119 3.31178e-13 17.3205 -10
2.04077 35.3473 -0.0204077 17.3205 -10.02
